0;700;[0, 49, 26, 28, 29, 30, 44, 45, 46, 23, 24, 43, 48, 38, 4, 1, 2, 3, 56, 58, 57, 19, 20, 17, 16, 18, 21, 22, 12, 13, 6, 31, 9, 8, 7, 14, 39, 51, 27, 52, 41, 42, 40, 25, 11, 53, 50, 10, 47, 55, 34, 33, 54, 15, 32, 37, 35, 36, 5, 0]
1;622;[0, 43, 48, 38, 47, 50, 10, 55, 42, 40, 34, 25, 53, 11, 39, 49, 26, 28, 56, 58, 7, 6, 8, 32, 31, 15, 12, 14, 13, 41, 27, 51, 52, 54, 22, 21, 1, 2, 4, 57, 5, 45, 46, 44, 30, 29, 33, 23, 24, 3, 35, 19, 20, 18, 17, 16, 9, 37, 36, 0]
2;607;[0, 18, 19, 28, 29, 30, 44, 46, 45, 23, 24, 50, 47, 42, 53, 11, 33, 55, 39, 40, 34, 25, 10, 37, 36, 9, 15, 54, 22, 21, 16, 17, 20, 5, 1, 3, 2, 35, 58, 56, 57, 32, 31, 4, 26, 49, 48, 43, 38, 6, 8, 7, 14, 13, 12, 41, 27, 51, 52, 0]
3;603;[0, 22, 9, 56, 23, 24, 46, 44, 14, 13, 12, 41, 27, 51, 52, 16, 17, 18, 19, 20, 28, 29, 30, 45, 49, 39, 55, 10, 50, 47, 31, 32, 1, 57, 58, 37, 2, 3, 4, 5, 26, 48, 43, 38, 33, 11, 53, 25, 42, 40, 34, 35, 36, 7, 6, 8, 15, 21, 54, 0]
4;628;[0, 23, 24, 28, 30, 29, 44, 46, 25, 53, 50, 47, 10, 55, 49, 45, 31, 36, 35, 1, 16, 5, 38, 33, 11, 42, 40, 34, 54, 41, 27, 51, 52, 2, 3, 4, 57, 32, 9, 12, 7, 6, 8, 21, 22, 14, 13, 15, 56, 58, 37, 18, 48, 43, 26, 39, 17, 19, 20, 0]
5;572;[0, 52, 51, 41, 27, 54, 7, 13, 12, 14, 9, 6, 8, 38, 43, 48, 1, 2, 3, 4, 58, 56, 57, 31, 32, 5, 35, 36, 37, 16, 17, 18, 19, 20, 29, 28, 30, 39, 49, 26, 15, 21, 22, 45, 46, 44, 55, 10, 50, 53, 25, 11, 47, 33, 40, 42, 34, 23, 24, 0]
6;546;[0, 18, 17, 16, 34, 53, 11, 25, 54, 37, 36, 35, 4, 1, 2, 3, 5, 23, 24, 19, 20, 28, 29, 30, 44, 46, 45, 43, 48, 26, 40, 42, 33, 47, 50, 10, 55, 39, 49, 38, 57, 58, 56, 31, 32, 12, 8, 6, 9, 15, 14, 13, 7, 22, 21, 27, 41, 52, 51, 0]
7;608;[0, 40, 33, 47, 34, 30, 29, 26, 49, 11, 42, 53, 25, 10, 50, 55, 39, 48, 43, 38, 3, 5, 35, 36, 37, 9, 32, 31, 51, 52, 54, 27, 13, 14, 8, 6, 12, 22, 21, 15, 7, 1, 2, 56, 58, 57, 4, 23, 24, 44, 45, 46, 28, 19, 20, 17, 18, 16, 41, 0]
8;563;[0, 27, 41, 54, 15, 14, 13, 12, 51, 52, 43, 48, 26, 49, 39, 55, 38, 50, 10, 47, 33, 53, 11, 25, 42, 40, 34, 30, 28, 29, 46, 44, 45, 31, 5, 3, 1, 4, 56, 2, 7, 8, 6, 9, 23, 24, 37, 32, 57, 58, 36, 35, 22, 21, 19, 20, 17, 16, 18, 0]
9;522;[0, 15, 22, 21, 27, 51, 52, 41, 54, 45, 46, 44, 29, 28, 30, 5, 3, 2, 1, 4, 56, 57, 58, 9, 6, 8, 14, 13, 12, 7, 31, 32, 37, 36, 35, 24, 23, 10, 55, 49, 39, 48, 43, 38, 26, 50, 47, 42, 53, 11, 40, 33, 25, 34, 19, 20, 18, 17, 16, 0]
10;589;[0, 26, 48, 38, 23, 24, 32, 31, 12, 13, 7, 9, 6, 8, 14, 21, 22, 41, 27, 51, 52, 54, 55, 39, 49, 43, 10, 50, 47, 42, 11, 53, 33, 25, 34, 40, 36, 35, 37, 15, 45, 46, 44, 29, 28, 30, 5, 57, 1, 2, 3, 4, 56, 58, 18, 20, 17, 16, 19, 0]
11;563;[0, 20, 19, 18, 17, 16, 23, 24, 45, 46, 44, 32, 37, 5, 47, 33, 53, 25, 42, 40, 34, 35, 36, 31, 57, 58, 56, 1, 2, 4, 3, 6, 8, 7, 12, 13, 14, 9, 22, 21, 52, 51, 41, 27, 54, 15, 11, 50, 10, 55, 39, 49, 26, 48, 43, 38, 30, 29, 28, 0]
12;544;[0, 16, 17, 19, 20, 18, 3, 1, 2, 4, 56, 36, 35, 5, 30, 29, 28, 43, 48, 26, 49, 39, 55, 10, 50, 33, 25, 11, 53, 40, 42, 34, 47, 38, 41, 13, 12, 32, 44, 46, 45, 23, 24, 58, 57, 31, 37, 15, 21, 22, 14, 8, 6, 7, 9, 52, 51, 27, 54, 0]
13;510;[0, 18, 19, 20, 17, 16, 32, 37, 35, 36, 39, 49, 55, 10, 50, 47, 33, 11, 40, 42, 53, 25, 34, 4, 3, 1, 2, 56, 58, 57, 31, 44, 45, 46, 28, 30, 29, 26, 48, 43, 38, 24, 23, 5, 7, 6, 8, 15, 12, 13, 14, 21, 22, 9, 52, 51, 27, 41, 54, 0]
14;553;[0, 33, 54, 1, 2, 3, 58, 56, 57, 32, 31, 8, 6, 9, 24, 23, 45, 46, 44, 29, 28, 30, 19, 20, 18, 17, 16, 48, 43, 38, 26, 49, 39, 55, 10, 50, 47, 53, 25, 42, 11, 40, 34, 5, 7, 14, 21, 22, 51, 52, 41, 27, 13, 12, 15, 37, 36, 35, 4, 0]
15;519;[0, 17, 16, 19, 20, 18, 46, 44, 45, 6, 8, 52, 51, 12, 7, 14, 21, 22, 15, 13, 9, 32, 31, 58, 56, 57, 36, 35, 37, 5, 24, 23, 38, 43, 48, 30, 29, 28, 26, 49, 39, 55, 10, 50, 47, 33, 34, 53, 25, 40, 42, 11, 41, 27, 54, 1, 2, 4, 3, 0]
16;512;[0, 57, 56, 58, 31, 32, 9, 6, 8, 12, 13, 14, 21, 22, 1, 2, 4, 3, 5, 24, 23, 45, 46, 44, 30, 28, 29, 16, 17, 19, 20, 18, 54, 27, 51, 52, 41, 15, 7, 37, 36, 35, 39, 49, 26, 48, 43, 38, 42, 40, 11, 53, 47, 50, 10, 55, 34, 25, 33, 0]
17;497;[0, 7, 6, 8, 9, 14, 21, 22, 12, 13, 32, 57, 58, 56, 2, 4, 3, 1, 5, 36, 35, 37, 31, 44, 45, 30, 29, 28, 55, 10, 50, 47, 53, 11, 40, 42, 33, 25, 34, 39, 49, 26, 43, 48, 38, 46, 23, 24, 27, 51, 52, 41, 54, 15, 16, 17, 19, 20, 18, 0]
18;500;[0, 18, 16, 17, 19, 20, 11, 53, 42, 40, 34, 25, 47, 50, 10, 55, 39, 49, 26, 48, 43, 38, 24, 23, 58, 56, 57, 32, 31, 37, 36, 35, 2, 4, 3, 1, 5, 9, 6, 8, 7, 14, 12, 13, 51, 52, 27, 41, 54, 28, 29, 30, 44, 45, 46, 33, 15, 21, 22, 0]
19;497;[0, 33, 40, 42, 25, 34, 11, 53, 47, 50, 10, 55, 39, 49, 26, 48, 43, 38, 29, 28, 30, 44, 45, 46, 18, 20, 19, 16, 17, 4, 37, 58, 56, 57, 31, 32, 6, 8, 7, 12, 15, 14, 13, 27, 41, 51, 52, 54, 23, 24, 3, 5, 36, 35, 9, 22, 21, 1, 2, 0]
20;476;[0, 18, 19, 20, 17, 16, 35, 36, 37, 5, 34, 24, 23, 38, 43, 48, 26, 49, 39, 55, 10, 50, 47, 40, 42, 11, 53, 25, 33, 28, 29, 30, 46, 44, 45, 4, 2, 1, 3, 56, 58, 57, 32, 31, 9, 6, 8, 7, 14, 21, 22, 13, 12, 15, 51, 52, 41, 27, 54, 0]
21;474;[0, 24, 23, 5, 4, 1, 2, 3, 38, 55, 10, 50, 47, 53, 11, 25, 42, 40, 34, 33, 39, 49, 26, 48, 43, 30, 29, 28, 44, 46, 45, 51, 52, 41, 27, 54, 37, 35, 36, 58, 56, 57, 32, 31, 15, 14, 21, 22, 8, 6, 9, 7, 12, 13, 19, 16, 17, 20, 18, 0]
22;504;[0, 10, 25, 33, 11, 53, 47, 50, 42, 40, 34, 55, 39, 49, 26, 48, 43, 38, 13, 4, 5, 37, 35, 36, 24, 23, 45, 46, 44, 30, 29, 28, 20, 18, 19, 17, 16, 3, 1, 2, 56, 58, 57, 32, 31, 8, 7, 14, 15, 12, 6, 9, 21, 22, 51, 52, 41, 27, 54, 0]
23;491;[0, 56, 38, 24, 23, 45, 46, 44, 30, 29, 28, 3, 4, 43, 48, 26, 49, 39, 55, 10, 50, 47, 33, 11, 42, 40, 34, 25, 53, 31, 36, 35, 37, 58, 57, 32, 5, 2, 1, 51, 52, 41, 27, 54, 22, 21, 14, 13, 12, 6, 8, 7, 9, 15, 18, 17, 16, 19, 20, 0]
24;471;[0, 16, 17, 19, 20, 18, 23, 24, 38, 43, 48, 26, 49, 39, 55, 10, 50, 47, 40, 42, 11, 53, 25, 34, 33, 4, 37, 58, 36, 35, 8, 6, 9, 7, 13, 12, 15, 14, 3, 1, 2, 56, 57, 32, 31, 5, 45, 46, 44, 30, 29, 28, 21, 22, 51, 52, 41, 27, 54, 0]
25;482;[0, 51, 52, 41, 27, 54, 21, 22, 12, 13, 6, 8, 9, 14, 45, 46, 44, 30, 29, 28, 16, 18, 17, 19, 20, 36, 35, 37, 31, 32, 57, 56, 58, 4, 1, 2, 3, 5, 23, 24, 48, 26, 49, 39, 55, 10, 50, 47, 33, 11, 53, 25, 42, 40, 34, 38, 43, 15, 7, 0]
26;478;[0, 18, 19, 20, 17, 16, 37, 31, 32, 5, 7, 8, 55, 10, 50, 47, 33, 11, 53, 25, 34, 40, 42, 38, 43, 48, 26, 49, 39, 28, 29, 30, 44, 46, 45, 23, 24, 35, 36, 58, 57, 56, 1, 3, 4, 2, 9, 6, 13, 12, 15, 14, 21, 22, 51, 52, 41, 27, 54, 0]
27;437;[0, 38, 43, 48, 26, 49, 39, 55, 10, 50, 47, 53, 25, 11, 33, 40, 42, 34, 37, 36, 35, 9, 51, 52, 41, 54, 27, 21, 22, 14, 13, 12, 15, 6, 8, 7, 31, 32, 57, 58, 56, 1, 2, 4, 3, 5, 24, 23, 46, 45, 44, 30, 29, 28, 16, 17, 19, 20, 18, 0]
28;451;[0, 19, 20, 18, 17, 16, 28, 29, 30, 46, 38, 43, 48, 26, 49, 39, 55, 10, 50, 47, 33, 11, 53, 25, 42, 40, 34, 14, 15, 44, 45, 23, 24, 3, 1, 2, 4, 5, 56, 58, 57, 32, 31, 35, 36, 37, 7, 12, 13, 6, 9, 8, 21, 22, 51, 52, 41, 27, 54, 0]
29;464;[0, 44, 45, 46, 5, 58, 56, 57, 32, 31, 9, 6, 8, 7, 12, 13, 14, 21, 22, 51, 52, 41, 27, 54, 15, 36, 35, 37, 2, 1, 3, 4, 39, 55, 10, 50, 47, 33, 11, 53, 25, 42, 40, 34, 38, 43, 48, 26, 49, 30, 29, 28, 23, 24, 16, 17, 19, 20, 18, 0]
30;460;[0, 18, 19, 20, 17, 16, 51, 52, 41, 27, 54, 22, 21, 14, 13, 12, 7, 6, 8, 9, 15, 3, 1, 2, 4, 56, 58, 57, 32, 31, 5, 28, 29, 30, 46, 44, 45, 23, 24, 10, 50, 47, 33, 11, 40, 34, 42, 53, 25, 55, 39, 49, 26, 48, 43, 38, 37, 35, 36, 0]
31;442;[0, 21, 45, 46, 44, 30, 29, 28, 33, 11, 42, 40, 34, 25, 53, 47, 50, 10, 55, 39, 49, 26, 48, 43, 38, 24, 23, 1, 2, 3, 4, 58, 57, 56, 5, 19, 20, 18, 17, 16, 15, 14, 7, 12, 13, 6, 8, 9, 32, 31, 37, 35, 36, 22, 51, 52, 41, 27, 54, 0]
32;439;[0, 18, 19, 20, 17, 16, 28, 29, 30, 44, 45, 46, 26, 49, 39, 55, 10, 50, 47, 33, 53, 25, 11, 42, 40, 34, 38, 43, 48, 23, 24, 5, 13, 14, 12, 2, 1, 3, 4, 56, 58, 57, 31, 37, 36, 35, 32, 9, 6, 8, 7, 15, 21, 22, 51, 52, 41, 27, 54, 0]
33;428;[0, 18, 23, 24, 32, 31, 57, 58, 56, 1, 2, 3, 4, 5, 36, 35, 37, 9, 6, 8, 7, 14, 13, 12, 15, 21, 22, 51, 52, 41, 27, 54, 34, 40, 42, 53, 11, 25, 33, 47, 50, 10, 55, 39, 49, 26, 48, 43, 38, 45, 46, 44, 29, 28, 30, 20, 17, 16, 19, 0]
34;458;[0, 36, 35, 37, 31, 32, 6, 8, 9, 57, 56, 58, 2, 3, 5, 4, 1, 30, 29, 28, 45, 46, 44, 50, 47, 33, 11, 42, 40, 34, 25, 53, 10, 55, 39, 49, 26, 48, 43, 38, 24, 23, 20, 18, 17, 16, 19, 15, 13, 12, 7, 14, 21, 22, 51, 52, 41, 27, 54, 0]
35;439;[0, 18, 19, 20, 17, 16, 28, 29, 30, 44, 45, 46, 56, 58, 57, 32, 31, 15, 7, 9, 6, 8, 37, 36, 35, 4, 1, 2, 3, 5, 23, 24, 38, 43, 48, 26, 49, 39, 55, 10, 50, 47, 33, 11, 53, 25, 42, 40, 34, 12, 13, 14, 21, 22, 51, 52, 41, 27, 54, 0]
36;428;[0, 18, 19, 20, 17, 16, 28, 29, 30, 44, 45, 46, 4, 2, 1, 3, 5, 58, 56, 57, 32, 31, 37, 35, 36, 24, 23, 53, 11, 33, 42, 40, 34, 25, 47, 50, 10, 55, 39, 49, 26, 48, 43, 38, 9, 15, 7, 6, 8, 12, 13, 14, 21, 22, 51, 52, 41, 27, 54, 0]
37;442;[0, 51, 52, 41, 27, 54, 22, 21, 14, 13, 12, 8, 7, 6, 9, 15, 30, 29, 28, 38, 43, 48, 26, 49, 39, 55, 10, 50, 47, 53, 11, 42, 40, 34, 25, 33, 31, 32, 57, 36, 35, 37, 56, 58, 2, 1, 3, 4, 5, 23, 24, 45, 46, 44, 19, 20, 18, 17, 16, 0]
38;424;[0, 18, 17, 19, 20, 16, 37, 36, 35, 15, 7, 5, 38, 43, 48, 26, 49, 39, 55, 10, 50, 47, 53, 11, 42, 40, 34, 25, 33, 28, 30, 29, 44, 46, 45, 23, 24, 1, 2, 3, 4, 56, 58, 57, 32, 31, 8, 6, 9, 13, 12, 14, 21, 22, 51, 52, 41, 27, 54, 0]
39;423;[0, 18, 19, 20, 17, 16, 28, 29, 30, 43, 48, 26, 49, 39, 55, 10, 50, 47, 53, 11, 42, 40, 34, 25, 33, 38, 46, 44, 45, 23, 24, 8, 6, 9, 7, 31, 32, 37, 36, 35, 5, 2, 1, 3, 4, 56, 58, 57, 13, 12, 15, 14, 21, 22, 52, 51, 27, 41, 54, 0]
40;422;[0, 18, 19, 20, 17, 16, 28, 29, 30, 44, 45, 46, 38, 43, 48, 26, 49, 39, 55, 10, 50, 47, 53, 11, 25, 34, 40, 42, 33, 23, 24, 12, 13, 4, 2, 1, 3, 5, 56, 58, 57, 32, 31, 36, 35, 37, 7, 6, 8, 9, 15, 14, 21, 22, 51, 52, 41, 27, 54, 0]
41;421;[0, 16, 17, 19, 20, 18, 44, 45, 46, 30, 29, 28, 38, 43, 48, 26, 49, 39, 55, 10, 50, 47, 53, 11, 42, 40, 34, 25, 33, 23, 24, 1, 2, 3, 4, 58, 56, 57, 31, 32, 37, 36, 35, 5, 15, 7, 6, 9, 8, 12, 13, 14, 21, 22, 51, 52, 41, 27, 54, 0]
42;416;[0, 16, 17, 19, 20, 18, 4, 2, 1, 3, 24, 23, 45, 46, 44, 30, 29, 28, 43, 48, 26, 49, 39, 55, 10, 50, 47, 53, 11, 42, 40, 34, 25, 33, 38, 36, 35, 32, 31, 57, 56, 58, 5, 37, 9, 7, 6, 8, 14, 15, 13, 12, 21, 22, 51, 52, 41, 27, 54, 0]
43;423;[0, 17, 16, 18, 19, 20, 5, 29, 28, 30, 44, 46, 45, 38, 43, 48, 26, 49, 39, 55, 10, 50, 47, 33, 11, 25, 53, 42, 40, 34, 24, 23, 1, 2, 3, 4, 56, 58, 57, 32, 31, 36, 35, 37, 7, 6, 8, 9, 15, 13, 12, 14, 21, 22, 51, 52, 41, 27, 54, 0]
44;398;[0, 18, 19, 20, 17, 16, 28, 29, 30, 44, 45, 46, 38, 43, 48, 26, 49, 39, 55, 10, 50, 47, 53, 11, 42, 40, 34, 25, 33, 23, 24, 5, 4, 2, 1, 3, 56, 58, 57, 32, 31, 35, 36, 37, 15, 7, 6, 8, 9, 12, 13, 14, 21, 22, 51, 52, 41, 27, 54, 0]
45;406;[0, 51, 52, 41, 27, 54, 15, 21, 22, 14, 13, 12, 7, 8, 6, 9, 32, 31, 57, 56, 58, 5, 2, 1, 3, 4, 37, 35, 36, 38, 23, 24, 45, 46, 44, 29, 30, 28, 43, 48, 26, 49, 39, 55, 10, 50, 47, 53, 11, 42, 40, 34, 25, 33, 16, 17, 19, 20, 18, 0]
46;420;[0, 18, 20, 19, 16, 17, 33, 11, 42, 40, 34, 25, 47, 53, 50, 10, 55, 39, 49, 26, 48, 43, 38, 28, 30, 29, 44, 46, 45, 23, 24, 37, 35, 36, 15, 4, 2, 1, 3, 5, 56, 58, 57, 32, 31, 9, 6, 8, 7, 12, 13, 14, 21, 22, 51, 52, 41, 27, 54, 0]
47;420;[0, 24, 23, 44, 45, 46, 38, 43, 48, 26, 49, 39, 55, 10, 50, 47, 33, 11, 53, 25, 42, 40, 34, 28, 29, 30, 18, 17, 16, 19, 20, 5, 56, 58, 57, 36, 35, 37, 2, 1, 3, 4, 31, 32, 12, 8, 7, 6, 9, 15, 13, 14, 21, 22, 51, 52, 41, 27, 54, 0]
48;422;[0, 18, 19, 20, 17, 16, 28, 29, 30, 44, 46, 45, 23, 24, 38, 43, 48, 26, 49, 39, 55, 10, 50, 47, 53, 11, 42, 40, 34, 25, 33, 37, 35, 36, 15, 12, 13, 14, 7, 6, 8, 9, 3, 4, 2, 1, 5, 56, 58, 57, 32, 31, 21, 22, 51, 52, 41, 27, 54, 0]
49;399;[0, 18, 19, 20, 17, 16, 45, 46, 44, 30, 29, 28, 43, 48, 26, 49, 39, 55, 10, 50, 47, 53, 11, 25, 42, 40, 34, 33, 38, 23, 24, 3, 4, 2, 1, 5, 57, 58, 56, 36, 35, 37, 31, 32, 6, 8, 7, 9, 15, 12, 13, 14, 21, 22, 51, 52, 41, 27, 54, 0]
50;409;[0, 18, 17, 16, 19, 20, 28, 30, 29, 44, 45, 46, 38, 43, 48, 26, 49, 39, 55, 10, 50, 47, 53, 11, 42, 40, 34, 25, 33, 3, 4, 2, 1, 5, 24, 23, 57, 56, 58, 36, 35, 37, 31, 32, 15, 13, 12, 7, 6, 8, 9, 14, 21, 22, 51, 52, 41, 27, 54, 0]
51;401;[0, 18, 17, 16, 19, 20, 28, 30, 29, 44, 46, 45, 38, 43, 48, 26, 49, 39, 55, 10, 50, 47, 53, 11, 25, 42, 40, 34, 33, 23, 24, 3, 5, 2, 1, 4, 56, 58, 57, 32, 31, 37, 35, 36, 15, 9, 6, 8, 7, 12, 13, 14, 21, 22, 51, 52, 41, 27, 54, 0]
52;409;[0, 51, 52, 41, 27, 54, 15, 21, 22, 13, 12, 14, 7, 6, 8, 9, 32, 31, 57, 56, 58, 4, 2, 1, 3, 5, 23, 24, 45, 46, 44, 30, 29, 28, 43, 48, 26, 49, 39, 55, 10, 50, 47, 53, 11, 42, 40, 34, 25, 33, 38, 36, 35, 37, 19, 20, 17, 16, 18, 0]
53;415;[0, 16, 17, 18, 19, 20, 28, 29, 30, 44, 46, 45, 38, 43, 48, 26, 49, 39, 55, 10, 50, 47, 53, 11, 42, 40, 34, 25, 33, 31, 32, 57, 58, 56, 3, 1, 2, 4, 5, 23, 24, 36, 35, 37, 9, 6, 8, 7, 12, 13, 14, 21, 22, 15, 51, 52, 41, 27, 54, 0]
54;415;[0, 18, 19, 20, 17, 16, 29, 30, 28, 43, 48, 26, 49, 39, 55, 10, 50, 47, 53, 11, 42, 40, 34, 25, 33, 38, 46, 44, 45, 23, 24, 37, 36, 35, 2, 1, 3, 4, 56, 58, 57, 31, 32, 5, 15, 13, 12, 7, 6, 8, 9, 14, 21, 22, 51, 52, 41, 27, 54, 0]
55;419;[0, 18, 19, 20, 17, 16, 28, 30, 29, 44, 45, 46, 38, 43, 48, 26, 49, 39, 55, 10, 50, 47, 53, 11, 42, 40, 34, 25, 33, 37, 56, 58, 57, 32, 31, 4, 2, 1, 3, 5, 23, 24, 35, 36, 9, 15, 6, 8, 7, 12, 13, 14, 21, 22, 51, 52, 41, 27, 54, 0]
56;406;[0, 18, 19, 20, 17, 16, 37, 36, 35, 38, 43, 48, 26, 49, 39, 55, 10, 50, 47, 33, 25, 53, 11, 42, 40, 34, 29, 30, 28, 44, 46, 45, 23, 24, 5, 2, 1, 3, 4, 56, 58, 57, 31, 32, 15, 13, 12, 7, 6, 8, 9, 14, 21, 22, 51, 52, 41, 27, 54, 0]
57;400;[0, 51, 52, 41, 27, 54, 22, 21, 14, 13, 12, 7, 8, 6, 9, 15, 36, 35, 37, 31, 32, 57, 58, 56, 1, 2, 4, 3, 5, 23, 24, 38, 43, 48, 26, 49, 39, 55, 10, 50, 47, 53, 11, 42, 40, 34, 25, 33, 28, 30, 44, 46, 45, 29, 16, 17, 18, 19, 20, 0]
58;400;[0, 18, 17, 16, 19, 20, 28, 29, 30, 44, 46, 45, 23, 24, 38, 43, 48, 26, 49, 39, 55, 10, 50, 47, 53, 11, 42, 40, 34, 25, 33, 3, 5, 2, 1, 4, 56, 58, 57, 32, 31, 37, 35, 36, 15, 13, 12, 7, 6, 8, 9, 14, 21, 22, 51, 52, 41, 27, 54, 0]
59;395;[0, 51, 52, 41, 27, 54, 22, 21, 15, 14, 13, 12, 7, 6, 8, 9, 32, 31, 57, 56, 58, 4, 2, 1, 3, 5, 35, 36, 37, 45, 46, 44, 30, 29, 28, 43, 48, 26, 49, 39, 55, 10, 50, 47, 53, 11, 42, 40, 34, 25, 33, 38, 23, 24, 17, 16, 19, 20, 18, 0]
60;402;[0, 51, 52, 41, 27, 54, 22, 21, 14, 13, 12, 7, 6, 8, 9, 15, 56, 58, 57, 32, 31, 37, 36, 35, 3, 4, 2, 1, 5, 23, 24, 38, 43, 48, 26, 49, 39, 55, 10, 50, 47, 53, 11, 42, 40, 34, 25, 33, 28, 29, 44, 46, 45, 30, 17, 16, 19, 20, 18, 0]
61;398;[0, 51, 52, 41, 27, 54, 22, 21, 14, 13, 12, 6, 8, 9, 15, 7, 57, 32, 31, 37, 35, 36, 58, 56, 3, 1, 2, 4, 5, 23, 24, 38, 43, 48, 26, 49, 39, 55, 10, 50, 47, 53, 11, 42, 40, 34, 25, 33, 29, 28, 30, 46, 45, 44, 17, 16, 19, 20, 18, 0]
62;401;[0, 51, 52, 41, 27, 54, 22, 21, 14, 13, 12, 7, 6, 8, 9, 15, 36, 35, 37, 31, 32, 57, 58, 56, 1, 2, 4, 3, 5, 38, 43, 48, 26, 49, 39, 55, 10, 50, 47, 53, 11, 42, 40, 34, 25, 33, 28, 30, 29, 44, 45, 46, 23, 24, 17, 16, 19, 20, 18, 0]
63;396;[0, 51, 52, 41, 27, 54, 22, 21, 14, 13, 12, 7, 6, 8, 9, 15, 32, 31, 36, 35, 37, 56, 58, 57, 4, 2, 1, 3, 5, 23, 24, 38, 43, 48, 26, 49, 39, 55, 10, 50, 47, 53, 11, 42, 40, 34, 25, 33, 44, 46, 45, 30, 29, 28, 16, 19, 20, 17, 18, 0]
64;401;[0, 18, 19, 20, 17, 16, 28, 29, 30, 44, 46, 45, 23, 24, 38, 43, 48, 26, 49, 39, 55, 10, 50, 47, 53, 11, 42, 40, 34, 25, 33, 3, 4, 2, 1, 5, 58, 56, 57, 31, 37, 36, 35, 32, 7, 6, 8, 9, 14, 13, 12, 15, 21, 22, 51, 52, 41, 27, 54, 0]
65;397;[0, 18, 17, 16, 19, 20, 28, 30, 29, 44, 46, 45, 33, 11, 42, 40, 34, 25, 53, 47, 50, 10, 55, 39, 49, 26, 48, 43, 38, 23, 24, 37, 36, 35, 32, 31, 57, 56, 58, 4, 2, 1, 3, 5, 7, 6, 8, 9, 15, 14, 13, 12, 21, 22, 51, 52, 41, 27, 54, 0]
66;398;[0, 18, 19, 20, 17, 16, 28, 29, 30, 44, 46, 45, 23, 24, 38, 43, 48, 26, 49, 39, 55, 10, 50, 47, 53, 11, 42, 40, 34, 25, 33, 37, 35, 36, 3, 4, 2, 1, 5, 56, 58, 57, 32, 31, 8, 6, 9, 15, 13, 12, 7, 14, 21, 22, 51, 52, 41, 27, 54, 0]
67;400;[0, 51, 52, 41, 27, 54, 22, 21, 14, 13, 12, 7, 6, 8, 9, 15, 36, 35, 37, 31, 32, 57, 56, 58, 4, 2, 1, 3, 5, 23, 24, 38, 43, 48, 26, 49, 39, 55, 10, 50, 47, 53, 11, 42, 40, 34, 25, 33, 29, 28, 30, 46, 44, 45, 16, 18, 19, 20, 17, 0]
68;393;[0, 51, 52, 41, 27, 54, 22, 21, 14, 13, 12, 7, 6, 8, 9, 15, 36, 35, 37, 31, 32, 57, 56, 58, 4, 2, 1, 3, 5, 23, 24, 38, 43, 48, 26, 49, 39, 55, 10, 50, 47, 33, 11, 42, 40, 34, 25, 53, 45, 46, 44, 30, 29, 28, 16, 17, 19, 20, 18, 0]
69;400;[0, 18, 19, 20, 17, 16, 28, 29, 30, 44, 46, 45, 23, 24, 38, 43, 48, 26, 49, 39, 55, 10, 50, 47, 53, 11, 42, 40, 34, 25, 33, 37, 35, 36, 4, 2, 1, 3, 5, 56, 58, 57, 32, 31, 14, 13, 12, 7, 6, 8, 9, 15, 21, 22, 51, 52, 41, 27, 54, 0]
70;403;[0, 18, 19, 20, 17, 16, 28, 29, 30, 44, 46, 45, 23, 24, 38, 43, 48, 26, 49, 39, 55, 10, 50, 47, 33, 11, 53, 42, 40, 34, 25, 3, 4, 2, 1, 5, 56, 58, 57, 32, 31, 37, 36, 35, 14, 13, 12, 7, 6, 8, 9, 15, 21, 22, 51, 52, 41, 27, 54, 0]
71;396;[0, 51, 52, 41, 27, 54, 22, 21, 14, 13, 12, 7, 6, 8, 9, 15, 36, 35, 37, 32, 31, 57, 58, 56, 1, 3, 4, 2, 5, 23, 24, 38, 43, 48, 26, 49, 39, 55, 10, 50, 47, 53, 11, 42, 40, 34, 25, 33, 28, 29, 30, 44, 46, 45, 16, 17, 19, 20, 18, 0]
72;398;[0, 51, 52, 41, 27, 54, 22, 21, 14, 13, 12, 15, 7, 6, 8, 9, 32, 31, 57, 56, 58, 4, 2, 1, 3, 5, 38, 43, 48, 26, 49, 39, 55, 10, 50, 47, 33, 11, 42, 40, 34, 25, 53, 36, 35, 37, 23, 24, 45, 46, 44, 30, 29, 28, 16, 17, 19, 20, 18, 0]
73;397;[0, 51, 52, 41, 27, 54, 22, 21, 14, 13, 12, 7, 15, 36, 35, 37, 6, 8, 9, 32, 31, 57, 56, 58, 4, 2, 1, 3, 5, 23, 24, 45, 44, 46, 38, 43, 48, 26, 49, 39, 55, 10, 50, 47, 53, 11, 42, 40, 34, 25, 33, 28, 29, 30, 17, 16, 19, 20, 18, 0]
74;397;[0, 18, 17, 16, 19, 20, 36, 35, 37, 38, 43, 48, 26, 49, 39, 55, 10, 50, 47, 53, 11, 42, 40, 34, 25, 33, 28, 29, 30, 44, 46, 45, 23, 24, 3, 4, 2, 1, 5, 56, 58, 57, 31, 32, 9, 8, 6, 7, 15, 13, 12, 14, 21, 22, 51, 52, 41, 27, 54, 0]
75;395;[0, 51, 52, 41, 27, 54, 22, 21, 14, 13, 12, 7, 6, 8, 9, 15, 36, 35, 37, 58, 56, 57, 32, 31, 4, 2, 1, 3, 5, 23, 24, 38, 43, 48, 26, 49, 39, 55, 10, 50, 47, 53, 11, 42, 40, 34, 25, 33, 28, 29, 30, 44, 46, 45, 16, 17, 19, 20, 18, 0]
76;396;[0, 51, 52, 41, 27, 54, 22, 21, 14, 13, 12, 7, 6, 8, 9, 15, 36, 35, 37, 31, 32, 57, 56, 58, 4, 2, 1, 3, 5, 23, 24, 38, 43, 48, 26, 49, 39, 55, 10, 50, 47, 53, 11, 42, 40, 34, 25, 33, 28, 29, 30, 44, 46, 45, 18, 17, 16, 19, 20, 0]
77;397;[0, 51, 52, 41, 27, 54, 22, 21, 14, 13, 12, 7, 15, 35, 36, 37, 8, 6, 9, 32, 31, 57, 56, 58, 4, 2, 1, 3, 5, 23, 24, 38, 43, 48, 26, 49, 39, 55, 10, 50, 47, 53, 11, 42, 40, 34, 25, 33, 28, 29, 30, 44, 46, 45, 16, 17, 19, 20, 18, 0]
78;397;[0, 18, 17, 16, 19, 20, 28, 30, 29, 44, 46, 45, 23, 24, 38, 43, 48, 26, 49, 39, 55, 10, 50, 47, 53, 11, 42, 40, 34, 25, 33, 3, 4, 2, 1, 5, 56, 58, 57, 32, 31, 36, 35, 37, 13, 12, 7, 8, 6, 9, 15, 14, 21, 22, 51, 52, 41, 27, 54, 0]
79;401;[0, 18, 17, 16, 19, 20, 28, 30, 29, 44, 46, 45, 23, 24, 38, 43, 48, 26, 49, 39, 55, 10, 50, 47, 53, 11, 42, 40, 34, 25, 33, 37, 36, 35, 2, 1, 3, 4, 5, 56, 58, 57, 32, 31, 9, 14, 13, 12, 7, 6, 8, 15, 21, 22, 51, 52, 41, 27, 54, 0]
80;393;[0, 51, 52, 41, 27, 54, 22, 21, 14, 13, 12, 7, 6, 8, 9, 15, 36, 35, 37, 31, 32, 57, 56, 58, 4, 2, 1, 3, 5, 23, 24, 38, 43, 48, 26, 49, 39, 55, 10, 50, 47, 53, 11, 42, 40, 34, 25, 33, 28, 29, 30, 44, 46, 45, 16, 17, 19, 20, 18, 0]
81;395;[0, 51, 52, 41, 27, 54, 22, 21, 14, 13, 12, 7, 8, 6, 9, 15, 58, 56, 57, 32, 31, 37, 35, 36, 4, 2, 1, 3, 5, 38, 43, 48, 26, 49, 39, 55, 10, 50, 47, 53, 11, 42, 40, 34, 25, 33, 28, 29, 30, 44, 46, 45, 23, 24, 17, 16, 19, 20, 18, 0]
82;386;[0, 51, 52, 41, 27, 54, 22, 21, 14, 13, 12, 15, 7, 6, 8, 9, 32, 31, 37, 35, 36, 58, 56, 57, 3, 4, 2, 1, 5, 23, 24, 38, 43, 48, 26, 49, 39, 55, 10, 50, 47, 53, 11, 42, 40, 34, 25, 33, 28, 29, 30, 44, 46, 45, 16, 17, 19, 20, 18, 0]
83;388;[0, 51, 52, 41, 27, 54, 22, 21, 15, 8, 14, 13, 12, 7, 6, 9, 32, 31, 37, 35, 36, 58, 56, 57, 4, 2, 1, 3, 5, 23, 24, 38, 43, 48, 26, 49, 39, 55, 10, 50, 47, 53, 11, 42, 40, 34, 25, 33, 28, 29, 30, 44, 46, 45, 16, 17, 19, 20, 18, 0]
84;393;[0, 18, 17, 19, 20, 16, 33, 11, 42, 40, 34, 25, 53, 47, 50, 10, 55, 39, 49, 26, 48, 43, 38, 44, 28, 29, 30, 46, 45, 23, 24, 5, 2, 1, 3, 4, 56, 58, 57, 32, 31, 37, 36, 35, 15, 13, 12, 7, 8, 9, 6, 14, 21, 22, 51, 52, 41, 27, 54, 0]
85;388;[0, 51, 52, 41, 27, 54, 22, 21, 14, 13, 12, 15, 7, 6, 8, 9, 32, 31, 57, 4, 2, 1, 3, 5, 56, 58, 37, 35, 36, 38, 43, 48, 26, 49, 39, 55, 10, 50, 47, 53, 11, 42, 40, 34, 25, 33, 28, 29, 30, 44, 46, 45, 23, 24, 17, 16, 19, 20, 18, 0]
86;386;[0, 51, 52, 41, 27, 54, 22, 21, 14, 13, 12, 15, 7, 6, 8, 9, 32, 31, 37, 36, 35, 56, 57, 58, 4, 2, 1, 3, 5, 23, 24, 38, 43, 48, 26, 49, 39, 55, 10, 50, 47, 53, 11, 42, 40, 34, 25, 33, 44, 46, 45, 30, 29, 28, 16, 17, 19, 20, 18, 0]
87;392;[0, 51, 52, 41, 27, 54, 22, 21, 14, 13, 12, 15, 7, 6, 8, 9, 32, 31, 37, 58, 4, 2, 1, 3, 5, 56, 57, 35, 36, 38, 43, 48, 26, 49, 39, 55, 10, 50, 47, 53, 11, 42, 40, 34, 25, 33, 28, 29, 30, 44, 46, 45, 23, 24, 17, 16, 19, 20, 18, 0]
88;395;[0, 51, 52, 41, 27, 54, 22, 21, 14, 13, 12, 7, 6, 8, 9, 15, 31, 35, 36, 37, 32, 57, 56, 58, 4, 2, 1, 3, 5, 23, 24, 38, 43, 48, 26, 49, 39, 55, 10, 50, 47, 53, 11, 42, 40, 34, 25, 33, 28, 29, 30, 46, 44, 45, 16, 17, 19, 20, 18, 0]
89;394;[0, 18, 19, 20, 17, 16, 38, 43, 48, 26, 49, 39, 55, 10, 50, 47, 53, 11, 42, 40, 34, 25, 33, 29, 28, 30, 44, 46, 45, 23, 24, 3, 4, 2, 1, 5, 56, 58, 57, 32, 31, 36, 35, 37, 15, 13, 12, 7, 6, 8, 9, 14, 21, 22, 51, 52, 41, 27, 54, 0]
90;388;[0, 51, 52, 41, 27, 54, 22, 21, 14, 13, 12, 7, 8, 6, 9, 15, 31, 32, 37, 35, 36, 57, 58, 56, 4, 2, 1, 3, 5, 23, 24, 38, 43, 48, 26, 49, 39, 55, 10, 50, 47, 53, 11, 42, 40, 34, 25, 33, 28, 29, 30, 44, 46, 45, 16, 17, 19, 20, 18, 0]
91;385;[0, 51, 52, 41, 27, 54, 22, 21, 14, 15, 13, 12, 7, 6, 8, 9, 36, 35, 37, 31, 32, 57, 56, 58, 4, 2, 1, 3, 5, 38, 43, 48, 26, 49, 39, 55, 10, 50, 47, 53, 11, 42, 40, 34, 25, 33, 28, 29, 30, 44, 46, 45, 23, 24, 17, 16, 19, 20, 18, 0]
92;384;[0, 51, 52, 41, 27, 54, 22, 21, 15, 14, 13, 12, 7, 6, 8, 9, 32, 31, 37, 35, 36, 58, 57, 56, 4, 2, 1, 3, 5, 23, 24, 38, 43, 48, 26, 49, 39, 55, 10, 50, 47, 53, 11, 42, 40, 34, 25, 33, 44, 46, 45, 30, 29, 28, 16, 17, 19, 20, 18, 0]
93;382;[0, 51, 52, 41, 27, 54, 22, 21, 14, 15, 13, 12, 7, 6, 8, 9, 32, 31, 37, 35, 36, 58, 56, 57, 4, 2, 1, 3, 5, 38, 43, 48, 26, 49, 39, 55, 10, 50, 47, 53, 11, 42, 40, 34, 25, 33, 28, 29, 30, 44, 46, 45, 23, 24, 17, 16, 19, 20, 18, 0]
94;388;[0, 18, 19, 20, 17, 16, 38, 43, 48, 26, 49, 39, 55, 10, 50, 47, 53, 11, 42, 40, 34, 25, 33, 28, 29, 30, 44, 46, 45, 23, 24, 3, 4, 2, 1, 5, 56, 58, 57, 32, 31, 37, 36, 35, 9, 6, 8, 7, 15, 14, 13, 12, 21, 22, 51, 52, 41, 27, 54, 0]
95;394;[0, 51, 52, 41, 27, 54, 22, 21, 14, 13, 12, 7, 6, 8, 9, 15, 36, 35, 37, 57, 32, 31, 56, 58, 4, 2, 1, 3, 5, 23, 24, 38, 43, 48, 26, 49, 39, 55, 10, 50, 47, 53, 11, 42, 40, 34, 25, 33, 28, 29, 30, 46, 45, 44, 16, 17, 19, 20, 18, 0]
96;392;[0, 18, 17, 16, 19, 20, 28, 38, 43, 48, 26, 49, 39, 55, 10, 50, 47, 53, 11, 42, 40, 34, 25, 33, 29, 30, 44, 46, 45, 23, 24, 3, 4, 2, 1, 5, 56, 58, 57, 32, 31, 36, 35, 37, 8, 6, 9, 15, 14, 13, 12, 7, 22, 21, 51, 52, 41, 27, 54, 0]
97;392;[0, 51, 52, 41, 27, 54, 22, 21, 14, 13, 12, 7, 6, 8, 9, 15, 32, 31, 37, 36, 35, 56, 58, 57, 4, 2, 1, 3, 5, 23, 24, 38, 43, 48, 26, 49, 39, 55, 10, 50, 47, 53, 11, 42, 40, 34, 25, 33, 28, 29, 30, 46, 45, 44, 16, 17, 19, 20, 18, 0]
98;379;[0, 51, 52, 41, 27, 54, 22, 21, 14, 15, 13, 12, 7, 6, 8, 9, 32, 31, 57, 36, 35, 37, 58, 56, 4, 2, 1, 3, 5, 23, 24, 38, 43, 48, 26, 49, 39, 55, 10, 50, 47, 53, 11, 42, 40, 34, 25, 33, 28, 29, 30, 44, 46, 45, 16, 17, 19, 20, 18, 0]
99;383;[0, 51, 52, 41, 27, 54, 22, 21, 15, 14, 13, 12, 7, 6, 8, 9, 32, 31, 36, 35, 37, 58, 56, 57, 4, 2, 1, 3, 5, 23, 24, 38, 43, 48, 26, 49, 39, 55, 10, 50, 47, 53, 11, 42, 40, 34, 25, 33, 28, 29, 30, 46, 45, 44, 16, 17, 19, 20, 18, 0]
100;393;[0, 51, 52, 41, 27, 54, 22, 21, 9, 6, 8, 7, 14, 13, 12, 15, 32, 31, 36, 35, 37, 58, 56, 57, 4, 2, 1, 3, 5, 23, 24, 38, 43, 48, 26, 49, 39, 55, 10, 50, 47, 53, 11, 42, 40, 34, 25, 33, 28, 29, 30, 44, 46, 45, 16, 17, 19, 20, 18, 0]
101;387;[0, 51, 52, 41, 27, 54, 22, 21, 14, 13, 12, 7, 6, 8, 9, 15, 32, 31, 57, 35, 36, 37, 58, 56, 4, 2, 1, 3, 5, 23, 24, 38, 43, 48, 26, 49, 39, 55, 10, 50, 47, 53, 11, 42, 40, 34, 25, 33, 28, 29, 30, 44, 46, 45, 16, 17, 19, 20, 18, 0]
102;393;[0, 18, 19, 20, 17, 16, 28, 29, 30, 44, 46, 45, 23, 24, 38, 43, 48, 26, 49, 39, 55, 10, 50, 47, 53, 11, 42, 40, 34, 25, 33, 3, 4, 2, 1, 5, 56, 58, 57, 32, 31, 36, 35, 37, 9, 6, 8, 7, 14, 13, 12, 15, 22, 21, 51, 52, 41, 27, 54, 0]
103;391;[0, 51, 52, 41, 27, 54, 22, 21, 14, 13, 12, 7, 6, 8, 9, 15, 32, 31, 37, 36, 35, 58, 57, 56, 4, 2, 1, 3, 5, 23, 24, 38, 43, 48, 26, 49, 39, 55, 10, 50, 47, 53, 11, 42, 40, 34, 25, 33, 28, 29, 30, 44, 46, 45, 16, 17, 19, 20, 18, 0]
104;393;[0, 18, 19, 20, 17, 16, 28, 29, 30, 44, 46, 45, 23, 24, 38, 43, 48, 26, 49, 39, 55, 10, 50, 47, 53, 11, 42, 40, 34, 25, 33, 3, 4, 2, 1, 5, 56, 58, 57, 32, 31, 37, 36, 35, 9, 6, 8, 7, 12, 13, 14, 15, 21, 22, 51, 52, 41, 27, 54, 0]
105;395;[0, 18, 19, 20, 17, 16, 38, 43, 48, 26, 49, 39, 55, 10, 50, 47, 53, 11, 42, 40, 34, 25, 33, 28, 29, 30, 44, 46, 45, 23, 24, 3, 4, 2, 1, 5, 56, 58, 57, 32, 31, 37, 35, 36, 15, 9, 8, 6, 7, 12, 13, 14, 21, 22, 51, 52, 41, 27, 54, 0]
106;391;[0, 18, 19, 20, 17, 16, 28, 29, 30, 44, 46, 45, 23, 24, 38, 43, 48, 26, 49, 39, 55, 10, 50, 47, 53, 11, 42, 40, 34, 25, 33, 3, 4, 2, 1, 5, 56, 58, 57, 32, 31, 36, 35, 37, 9, 6, 8, 7, 14, 13, 12, 15, 21, 22, 51, 52, 41, 27, 54, 0]
107;390;[0, 51, 52, 41, 27, 54, 22, 21, 14, 13, 12, 7, 6, 8, 9, 15, 32, 31, 36, 35, 37, 58, 56, 57, 4, 2, 1, 3, 5, 23, 24, 38, 43, 48, 26, 49, 39, 55, 10, 50, 47, 53, 11, 42, 40, 34, 25, 33, 28, 29, 30, 44, 46, 45, 16, 17, 19, 20, 18, 0]
108;390;[0, 18, 17, 16, 19, 20, 28, 29, 30, 44, 46, 45, 23, 24, 38, 43, 48, 26, 49, 39, 55, 10, 50, 47, 53, 11, 42, 40, 34, 25, 33, 4, 2, 1, 3, 5, 58, 56, 57, 32, 31, 36, 35, 37, 9, 6, 8, 7, 14, 13, 12, 15, 21, 22, 51, 52, 41, 27, 54, 0]
109;392;[0, 18, 17, 16, 19, 20, 48, 26, 49, 39, 55, 10, 50, 47, 53, 11, 42, 40, 34, 25, 33, 38, 43, 28, 29, 30, 44, 46, 45, 23, 24, 5, 1, 3, 4, 2, 56, 58, 57, 32, 31, 37, 36, 35, 9, 6, 8, 7, 12, 13, 14, 15, 21, 22, 51, 52, 41, 27, 54, 0]
110;390;[0, 51, 52, 41, 27, 54, 22, 21, 14, 13, 12, 7, 6, 8, 9, 15, 32, 31, 36, 35, 37, 58, 57, 56, 4, 2, 1, 3, 5, 23, 24, 38, 43, 48, 26, 49, 39, 55, 10, 50, 47, 53, 11, 42, 40, 34, 25, 33, 28, 29, 30, 44, 46, 45, 16, 17, 19, 20, 18, 0]
111;393;[0, 51, 52, 41, 27, 54, 22, 21, 14, 13, 12, 7, 6, 8, 9, 15, 32, 31, 36, 35, 37, 57, 58, 56, 1, 3, 4, 2, 5, 23, 24, 38, 43, 48, 26, 49, 39, 55, 10, 50, 47, 53, 11, 42, 40, 34, 25, 33, 28, 29, 30, 44, 46, 45, 16, 19, 20, 17, 18, 0]
112;393;[0, 51, 52, 41, 27, 54, 22, 21, 14, 13, 12, 7, 6, 8, 9, 15, 36, 35, 37, 31, 32, 57, 56, 58, 4, 2, 1, 3, 5, 23, 24, 38, 43, 48, 26, 49, 39, 55, 10, 50, 47, 53, 11, 42, 40, 34, 25, 33, 28, 29, 30, 44, 46, 45, 16, 17, 19, 20, 18, 0]
113;393;[0, 51, 52, 41, 27, 54, 22, 21, 14, 13, 12, 7, 6, 8, 9, 15, 36, 35, 37, 31, 32, 57, 58, 56, 4, 2, 1, 3, 5, 23, 24, 38, 43, 48, 26, 49, 39, 55, 10, 50, 47, 53, 11, 42, 40, 34, 25, 33, 28, 29, 30, 44, 46, 45, 16, 17, 19, 20, 18, 0]
114;388;[0, 51, 52, 41, 27, 54, 22, 21, 15, 14, 13, 12, 7, 6, 8, 9, 32, 31, 4, 2, 1, 3, 5, 56, 57, 58, 36, 35, 37, 23, 24, 38, 43, 48, 26, 49, 39, 55, 10, 50, 47, 53, 11, 42, 40, 34, 25, 33, 28, 29, 30, 44, 46, 45, 16, 17, 19, 20, 18, 0]
115;389;[0, 51, 52, 41, 27, 54, 22, 21, 14, 13, 12, 7, 6, 8, 9, 15, 32, 31, 36, 35, 37, 57, 56, 58, 4, 2, 1, 3, 5, 38, 43, 48, 26, 49, 39, 55, 10, 50, 47, 53, 11, 42, 40, 34, 25, 33, 28, 29, 30, 44, 46, 45, 23, 24, 17, 16, 19, 20, 18, 0]
116;382;[0, 51, 52, 41, 27, 54, 22, 21, 15, 14, 13, 12, 7, 6, 8, 9, 32, 31, 36, 35, 37, 58, 56, 57, 4, 2, 1, 3, 5, 23, 24, 38, 43, 48, 26, 49, 39, 55, 10, 50, 47, 53, 11, 42, 40, 34, 25, 33, 28, 29, 30, 44, 46, 45, 16, 17, 19, 20, 18, 0]
117;390;[0, 18, 17, 19, 20, 16, 38, 43, 48, 26, 49, 39, 55, 10, 50, 47, 53, 11, 42, 40, 34, 25, 33, 28, 29, 30, 44, 46, 45, 23, 24, 3, 4, 2, 1, 5, 56, 58, 57, 32, 31, 36, 35, 37, 6, 8, 9, 15, 13, 12, 7, 14, 21, 22, 51, 52, 41, 27, 54, 0]
118;391;[0, 18, 19, 20, 17, 16, 38, 43, 48, 26, 49, 39, 55, 10, 50, 47, 53, 11, 42, 40, 34, 25, 33, 28, 29, 30, 44, 46, 45, 23, 24, 3, 4, 2, 1, 5, 56, 58, 57, 32, 31, 36, 35, 37, 6, 8, 9, 15, 14, 13, 12, 7, 22, 21, 51, 52, 41, 27, 54, 0]
119;392;[0, 18, 19, 20, 17, 16, 28, 29, 30, 44, 46, 45, 23, 24, 38, 43, 48, 26, 49, 39, 55, 10, 50, 47, 53, 11, 42, 40, 34, 25, 33, 37, 35, 36, 5, 2, 1, 3, 4, 56, 58, 57, 32, 31, 9, 6, 8, 7, 14, 13, 12, 15, 21, 22, 51, 52, 41, 27, 54, 0]
120;389;[0, 18, 19, 20, 17, 16, 28, 29, 30, 44, 46, 45, 23, 24, 38, 43, 48, 26, 49, 39, 55, 10, 50, 47, 53, 11, 42, 40, 34, 25, 33, 4, 2, 1, 3, 5, 56, 58, 57, 32, 31, 36, 35, 37, 9, 6, 8, 7, 12, 13, 14, 15, 21, 22, 51, 52, 41, 27, 54, 0]
121;384;[0, 18, 19, 20, 17, 16, 38, 43, 48, 26, 49, 39, 55, 10, 50, 47, 53, 11, 42, 40, 34, 25, 33, 28, 29, 30, 44, 46, 45, 23, 24, 3, 4, 2, 1, 5, 56, 58, 57, 32, 31, 36, 35, 37, 9, 6, 8, 7, 14, 13, 12, 15, 21, 22, 51, 52, 41, 27, 54, 0]
122;382;[0, 51, 52, 41, 27, 54, 22, 21, 15, 14, 13, 12, 7, 6, 8, 9, 32, 31, 36, 35, 37, 58, 56, 57, 4, 2, 1, 3, 5, 23, 24, 38, 43, 48, 26, 49, 39, 55, 10, 50, 47, 53, 11, 42, 40, 34, 25, 33, 28, 29, 30, 44, 46, 45, 16, 17, 19, 20, 18, 0]
123;390;[0, 18, 19, 20, 17, 16, 28, 29, 30, 44, 46, 45, 23, 24, 38, 43, 48, 26, 49, 39, 55, 10, 50, 47, 53, 11, 42, 40, 34, 25, 33, 4, 2, 1, 3, 5, 56, 58, 57, 32, 31, 36, 35, 37, 9, 6, 8, 7, 14, 13, 12, 15, 21, 22, 51, 52, 41, 27, 54, 0]
124;388;[0, 51, 52, 41, 27, 54, 22, 21, 14, 13, 12, 7, 6, 8, 9, 15, 32, 31, 36, 35, 37, 57, 58, 56, 4, 2, 1, 3, 5, 23, 24, 38, 43, 48, 26, 49, 39, 55, 10, 50, 47, 53, 11, 42, 40, 34, 25, 33, 28, 29, 30, 44, 46, 45, 16, 17, 19, 20, 18, 0]
125;384;[0, 18, 19, 20, 17, 16, 38, 43, 48, 26, 49, 39, 55, 10, 50, 47, 53, 11, 42, 40, 34, 25, 33, 28, 29, 30, 44, 46, 45, 23, 24, 3, 4, 2, 1, 5, 56, 58, 57, 32, 31, 36, 35, 37, 9, 6, 8, 7, 14, 13, 12, 15, 21, 22, 51, 52, 41, 27, 54, 0]
126;383;[0, 51, 52, 41, 27, 54, 22, 21, 14, 13, 12, 15, 7, 6, 8, 9, 32, 31, 36, 35, 37, 58, 57, 56, 4, 2, 1, 3, 5, 23, 24, 38, 43, 48, 26, 49, 39, 55, 10, 50, 47, 53, 11, 42, 40, 34, 25, 33, 28, 29, 30, 44, 46, 45, 16, 17, 19, 20, 18, 0]
127;383;[0, 18, 19, 20, 17, 16, 38, 43, 48, 26, 49, 39, 55, 10, 50, 47, 53, 11, 42, 40, 34, 25, 33, 28, 29, 30, 44, 46, 45, 23, 24, 3, 5, 2, 1, 4, 56, 58, 57, 32, 31, 36, 35, 37, 9, 6, 8, 7, 14, 13, 12, 15, 21, 22, 51, 52, 41, 27, 54, 0]
128;384;[0, 51, 52, 41, 27, 54, 22, 21, 14, 13, 12, 15, 8, 7, 6, 9, 32, 31, 37, 35, 36, 58, 56, 57, 4, 2, 1, 3, 5, 23, 24, 38, 43, 48, 26, 49, 39, 55, 10, 50, 47, 53, 11, 42, 40, 34, 25, 33, 28, 29, 30, 44, 46, 45, 16, 17, 19, 20, 18, 0]
129;381;[0, 18, 19, 20, 17, 16, 38, 43, 48, 26, 49, 39, 55, 10, 50, 47, 53, 11, 42, 40, 34, 25, 33, 28, 29, 30, 44, 46, 45, 23, 24, 3, 4, 2, 1, 5, 56, 58, 57, 36, 35, 37, 31, 32, 9, 6, 8, 7, 14, 13, 12, 15, 21, 22, 51, 52, 41, 27, 54, 0]
130;387;[0, 51, 52, 41, 27, 54, 22, 21, 7, 14, 13, 12, 15, 8, 9, 6, 32, 31, 57, 36, 35, 37, 58, 56, 4, 2, 1, 3, 5, 23, 24, 38, 43, 48, 26, 49, 39, 55, 10, 50, 47, 53, 11, 42, 40, 34, 25, 33, 28, 29, 30, 44, 46, 45, 16, 17, 19, 20, 18, 0]
131;381;[0, 51, 52, 41, 27, 54, 22, 21, 14, 13, 12, 15, 7, 6, 8, 9, 32, 31, 36, 35, 37, 57, 56, 58, 4, 2, 1, 3, 5, 23, 24, 38, 43, 48, 26, 49, 39, 55, 10, 50, 47, 53, 11, 42, 40, 34, 25, 33, 28, 29, 30, 44, 46, 45, 16, 17, 19, 20, 18, 0]
132;381;[0, 51, 52, 41, 27, 54, 22, 21, 14, 15, 13, 12, 7, 6, 8, 9, 32, 31, 36, 35, 37, 58, 56, 57, 4, 2, 1, 3, 5, 23, 24, 38, 43, 48, 26, 49, 39, 55, 10, 50, 47, 53, 11, 42, 40, 34, 25, 33, 28, 29, 30, 44, 46, 45, 16, 17, 19, 20, 18, 0]
133;380;[0, 51, 52, 41, 27, 54, 22, 21, 15, 14, 13, 12, 7, 6, 8, 9, 32, 31, 36, 35, 37, 57, 56, 58, 4, 2, 1, 3, 5, 23, 24, 38, 43, 48, 26, 49, 39, 55, 10, 50, 47, 53, 11, 42, 40, 34, 25, 33, 28, 29, 30, 44, 46, 45, 16, 17, 19, 20, 18, 0]
134;382;[0, 51, 52, 41, 27, 54, 22, 21, 14, 13, 12, 15, 8, 7, 6, 9, 32, 31, 36, 35, 37, 57, 56, 58, 4, 2, 1, 3, 5, 23, 24, 38, 43, 48, 26, 49, 39, 55, 10, 50, 47, 53, 11, 42, 40, 34, 25, 33, 28, 29, 30, 44, 46, 45, 16, 17, 19, 20, 18, 0]
135;380;[0, 18, 19, 20, 17, 16, 38, 43, 48, 26, 49, 39, 55, 10, 50, 47, 53, 11, 42, 40, 34, 25, 33, 28, 29, 30, 44, 46, 45, 23, 24, 5, 2, 1, 3, 4, 56, 58, 57, 32, 31, 36, 35, 37, 9, 6, 8, 7, 12, 13, 14, 15, 21, 22, 51, 52, 41, 27, 54, 0]
136;383;[0, 18, 19, 20, 17, 16, 38, 43, 48, 26, 49, 39, 55, 10, 50, 47, 53, 11, 42, 40, 34, 25, 33, 28, 29, 30, 44, 46, 45, 23, 24, 3, 4, 2, 1, 5, 56, 58, 57, 32, 31, 36, 35, 37, 9, 6, 8, 7, 12, 13, 14, 15, 21, 22, 51, 52, 41, 27, 54, 0]
137;383;[0, 51, 52, 41, 27, 54, 22, 21, 15, 14, 13, 12, 7, 6, 8, 9, 32, 31, 37, 36, 35, 56, 58, 57, 4, 2, 1, 3, 5, 23, 24, 38, 43, 48, 26, 49, 39, 55, 10, 50, 47, 53, 11, 42, 40, 34, 25, 33, 28, 29, 30, 44, 46, 45, 16, 17, 19, 20, 18, 0]
138;381;[0, 51, 52, 41, 27, 54, 22, 21, 14, 13, 12, 15, 7, 6, 8, 9, 32, 31, 36, 35, 37, 57, 56, 58, 4, 2, 1, 3, 5, 23, 24, 38, 43, 48, 26, 49, 39, 55, 10, 50, 47, 53, 11, 42, 40, 34, 25, 33, 28, 29, 30, 44, 46, 45, 16, 17, 19, 20, 18, 0]
139;379;[0, 51, 52, 41, 27, 54, 22, 21, 14, 15, 13, 12, 7, 6, 8, 9, 32, 31, 36, 35, 37, 57, 56, 58, 4, 2, 1, 3, 5, 23, 24, 38, 43, 48, 26, 49, 39, 55, 10, 50, 47, 53, 11, 42, 40, 34, 25, 33, 28, 29, 30, 44, 46, 45, 16, 17, 19, 20, 18, 0]
140;383;[0, 18, 19, 20, 17, 16, 38, 43, 48, 26, 49, 39, 55, 10, 50, 47, 53, 11, 42, 40, 34, 25, 33, 28, 29, 30, 44, 46, 45, 23, 24, 3, 5, 2, 1, 4, 56, 58, 57, 32, 31, 36, 35, 37, 9, 6, 8, 7, 14, 13, 12, 15, 21, 22, 51, 52, 41, 27, 54, 0]
141;380;[0, 51, 52, 41, 27, 54, 22, 21, 15, 14, 13, 12, 7, 6, 8, 9, 32, 31, 36, 35, 37, 57, 56, 58, 4, 2, 1, 3, 5, 23, 24, 38, 43, 48, 26, 49, 39, 55, 10, 50, 47, 53, 11, 42, 40, 34, 25, 33, 28, 29, 30, 44, 46, 45, 16, 17, 19, 20, 18, 0]
142;379;[0, 51, 52, 41, 27, 54, 22, 21, 14, 15, 13, 12, 7, 6, 8, 9, 32, 31, 36, 35, 37, 57, 56, 58, 4, 2, 1, 3, 5, 23, 24, 38, 43, 48, 26, 49, 39, 55, 10, 50, 47, 53, 11, 42, 40, 34, 25, 33, 28, 29, 30, 44, 46, 45, 16, 17, 19, 20, 18, 0]
143;382;[0, 18, 19, 20, 17, 16, 38, 43, 48, 26, 49, 39, 55, 10, 50, 47, 53, 11, 42, 40, 34, 25, 33, 28, 29, 30, 44, 46, 45, 23, 24, 3, 4, 2, 1, 5, 56, 58, 57, 32, 31, 36, 35, 37, 9, 6, 8, 7, 13, 12, 15, 14, 21, 22, 51, 52, 41, 27, 54, 0]
144;379;[0, 51, 52, 41, 27, 54, 22, 21, 14, 15, 13, 12, 7, 6, 8, 9, 32, 31, 36, 35, 37, 57, 56, 58, 4, 2, 1, 3, 5, 23, 24, 38, 43, 48, 26, 49, 39, 55, 10, 50, 47, 53, 11, 42, 40, 34, 25, 33, 28, 29, 30, 44, 46, 45, 16, 17, 19, 20, 18, 0]
145;379;[0, 51, 52, 41, 27, 54, 22, 21, 14, 15, 13, 12, 7, 6, 8, 9, 32, 31, 36, 35, 37, 57, 56, 58, 4, 2, 1, 3, 5, 23, 24, 38, 43, 48, 26, 49, 39, 55, 10, 50, 47, 53, 11, 42, 40, 34, 25, 33, 28, 29, 30, 44, 46, 45, 16, 17, 19, 20, 18, 0]
146;380;[0, 51, 52, 41, 27, 54, 22, 21, 15, 14, 13, 12, 7, 6, 8, 9, 32, 31, 36, 35, 37, 57, 56, 58, 4, 2, 1, 3, 5, 23, 24, 38, 43, 48, 26, 49, 39, 55, 10, 50, 47, 53, 11, 42, 40, 34, 25, 33, 28, 29, 30, 44, 46, 45, 16, 17, 19, 20, 18, 0]
147;380;[0, 18, 19, 20, 17, 16, 38, 43, 48, 26, 49, 39, 55, 10, 50, 47, 53, 11, 42, 40, 34, 25, 33, 28, 29, 30, 44, 46, 45, 23, 24, 5, 2, 1, 3, 4, 56, 58, 57, 32, 31, 36, 35, 37, 9, 6, 8, 7, 12, 13, 14, 15, 21, 22, 51, 52, 41, 27, 54, 0]
148;380;[0, 51, 52, 41, 27, 54, 22, 21, 15, 14, 13, 12, 7, 6, 8, 9, 32, 31, 36, 35, 37, 57, 56, 58, 4, 2, 1, 3, 5, 23, 24, 38, 43, 48, 26, 49, 39, 55, 10, 50, 47, 53, 11, 42, 40, 34, 25, 33, 28, 29, 30, 44, 46, 45, 16, 17, 19, 20, 18, 0]
149;380;[0, 18, 19, 20, 17, 16, 38, 43, 48, 26, 49, 39, 55, 10, 50, 47, 53, 11, 42, 40, 34, 25, 33, 28, 29, 30, 44, 46, 45, 23, 24, 5, 2, 1, 3, 4, 56, 58, 57, 32, 31, 36, 35, 37, 9, 6, 8, 7, 12, 13, 14, 15, 21, 22, 51, 52, 41, 27, 54, 0]
150;379;[0, 51, 52, 41, 27, 54, 22, 21, 14, 15, 13, 12, 7, 6, 8, 9, 32, 31, 36, 35, 37, 57, 56, 58, 4, 2, 1, 3, 5, 23, 24, 38, 43, 48, 26, 49, 39, 55, 10, 50, 47, 53, 11, 42, 40, 34, 25, 33, 28, 29, 30, 44, 46, 45, 16, 17, 19, 20, 18, 0]
151;380;[0, 18, 19, 20, 17, 16, 38, 43, 48, 26, 49, 39, 55, 10, 50, 47, 53, 11, 42, 40, 34, 25, 33, 28, 29, 30, 44, 46, 45, 23, 24, 5, 2, 1, 3, 4, 56, 58, 57, 32, 31, 36, 35, 37, 9, 6, 8, 7, 12, 13, 14, 15, 21, 22, 51, 52, 41, 27, 54, 0]
152;379;[0, 51, 52, 41, 27, 54, 22, 21, 14, 15, 13, 12, 7, 6, 8, 9, 32, 31, 36, 35, 37, 57, 56, 58, 4, 2, 1, 3, 5, 23, 24, 38, 43, 48, 26, 49, 39, 55, 10, 50, 47, 53, 11, 42, 40, 34, 25, 33, 28, 29, 30, 44, 46, 45, 16, 17, 19, 20, 18, 0]
153;379;[0, 51, 52, 41, 27, 54, 22, 21, 14, 15, 13, 12, 7, 6, 8, 9, 32, 31, 36, 35, 37, 57, 56, 58, 4, 2, 1, 3, 5, 23, 24, 38, 43, 48, 26, 49, 39, 55, 10, 50, 47, 53, 11, 42, 40, 34, 25, 33, 28, 29, 30, 44, 46, 45, 16, 17, 19, 20, 18, 0]
154;379;[0, 51, 52, 41, 27, 54, 22, 21, 14, 15, 13, 12, 7, 6, 8, 9, 32, 31, 36, 35, 37, 57, 56, 58, 4, 2, 1, 3, 5, 23, 24, 38, 43, 48, 26, 49, 39, 55, 10, 50, 47, 53, 11, 42, 40, 34, 25, 33, 28, 29, 30, 44, 46, 45, 16, 17, 19, 20, 18, 0]
155;379;[0, 18, 19, 20, 17, 16, 38, 43, 48, 26, 49, 39, 55, 10, 50, 47, 53, 11, 42, 40, 34, 25, 33, 28, 29, 30, 44, 46, 45, 23, 24, 5, 2, 1, 3, 4, 56, 58, 57, 32, 31, 36, 35, 37, 9, 6, 8, 7, 13, 12, 15, 14, 21, 22, 51, 52, 41, 27, 54, 0]
156;379;[0, 18, 19, 20, 17, 16, 38, 43, 48, 26, 49, 39, 55, 10, 50, 47, 53, 11, 42, 40, 34, 25, 33, 28, 29, 30, 44, 46, 45, 23, 24, 5, 2, 1, 3, 4, 56, 58, 57, 32, 31, 36, 35, 37, 9, 6, 8, 7, 13, 12, 15, 14, 21, 22, 51, 52, 41, 27, 54, 0]
157;379;[0, 51, 52, 41, 27, 54, 22, 21, 14, 15, 13, 12, 7, 6, 8, 9, 32, 31, 36, 35, 37, 57, 56, 58, 4, 2, 1, 3, 5, 23, 24, 38, 43, 48, 26, 49, 39, 55, 10, 50, 47, 53, 11, 42, 40, 34, 25, 33, 28, 29, 30, 44, 46, 45, 16, 17, 19, 20, 18, 0]
158;379;[0, 51, 52, 41, 27, 54, 22, 21, 14, 15, 13, 12, 7, 6, 8, 9, 32, 31, 36, 35, 37, 57, 56, 58, 4, 2, 1, 3, 5, 23, 24, 38, 43, 48, 26, 49, 39, 55, 10, 50, 47, 53, 11, 42, 40, 34, 25, 33, 28, 29, 30, 44, 46, 45, 16, 17, 19, 20, 18, 0]
159;379;[0, 51, 52, 41, 27, 54, 22, 21, 14, 15, 13, 12, 7, 6, 8, 9, 32, 31, 36, 35, 37, 57, 56, 58, 4, 2, 1, 3, 5, 23, 24, 38, 43, 48, 26, 49, 39, 55, 10, 50, 47, 53, 11, 42, 40, 34, 25, 33, 28, 29, 30, 44, 46, 45, 16, 17, 19, 20, 18, 0]
160;379;[0, 51, 52, 41, 27, 54, 22, 21, 14, 15, 13, 12, 7, 6, 8, 9, 32, 31, 36, 35, 37, 57, 56, 58, 4, 2, 1, 3, 5, 23, 24, 38, 43, 48, 26, 49, 39, 55, 10, 50, 47, 53, 11, 42, 40, 34, 25, 33, 28, 29, 30, 44, 46, 45, 16, 17, 19, 20, 18, 0]
161;379;[0, 51, 52, 41, 27, 54, 22, 21, 14, 15, 13, 12, 7, 6, 8, 9, 32, 31, 36, 35, 37, 57, 56, 58, 4, 2, 1, 3, 5, 23, 24, 38, 43, 48, 26, 49, 39, 55, 10, 50, 47, 53, 11, 42, 40, 34, 25, 33, 28, 29, 30, 44, 46, 45, 16, 17, 19, 20, 18, 0]
162;379;[0, 51, 52, 41, 27, 54, 22, 21, 14, 15, 13, 12, 7, 6, 8, 9, 32, 31, 36, 35, 37, 57, 56, 58, 4, 2, 1, 3, 5, 23, 24, 38, 43, 48, 26, 49, 39, 55, 10, 50, 47, 53, 11, 42, 40, 34, 25, 33, 28, 29, 30, 44, 46, 45, 16, 17, 19, 20, 18, 0]
163;379;[0, 51, 52, 41, 27, 54, 22, 21, 14, 15, 13, 12, 7, 6, 8, 9, 32, 31, 36, 35, 37, 57, 56, 58, 4, 2, 1, 3, 5, 23, 24, 38, 43, 48, 26, 49, 39, 55, 10, 50, 47, 53, 11, 42, 40, 34, 25, 33, 28, 29, 30, 44, 46, 45, 16, 17, 19, 20, 18, 0]
164;379;[0, 51, 52, 41, 27, 54, 22, 21, 14, 15, 13, 12, 7, 6, 8, 9, 32, 31, 36, 35, 37, 57, 56, 58, 4, 2, 1, 3, 5, 23, 24, 38, 43, 48, 26, 49, 39, 55, 10, 50, 47, 53, 11, 42, 40, 34, 25, 33, 28, 29, 30, 44, 46, 45, 16, 17, 19, 20, 18, 0]
165;379;[0, 51, 52, 41, 27, 54, 22, 21, 14, 15, 13, 12, 7, 6, 8, 9, 32, 31, 36, 35, 37, 57, 56, 58, 4, 2, 1, 3, 5, 23, 24, 38, 43, 48, 26, 49, 39, 55, 10, 50, 47, 53, 11, 42, 40, 34, 25, 33, 28, 29, 30, 44, 46, 45, 16, 17, 19, 20, 18, 0]
166;379;[0, 51, 52, 41, 27, 54, 22, 21, 14, 15, 13, 12, 7, 6, 8, 9, 32, 31, 36, 35, 37, 57, 56, 58, 4, 2, 1, 3, 5, 23, 24, 38, 43, 48, 26, 49, 39, 55, 10, 50, 47, 53, 11, 42, 40, 34, 25, 33, 28, 29, 30, 44, 46, 45, 16, 17, 19, 20, 18, 0]
167;379;[0, 51, 52, 41, 27, 54, 22, 21, 14, 15, 13, 12, 7, 6, 8, 9, 32, 31, 36, 35, 37, 57, 56, 58, 4, 2, 1, 3, 5, 23, 24, 38, 43, 48, 26, 49, 39, 55, 10, 50, 47, 53, 11, 42, 40, 34, 25, 33, 28, 29, 30, 44, 46, 45, 16, 17, 19, 20, 18, 0]
168;379;[0, 51, 52, 41, 27, 54, 22, 21, 14, 15, 13, 12, 7, 6, 8, 9, 32, 31, 36, 35, 37, 57, 56, 58, 4, 2, 1, 3, 5, 23, 24, 38, 43, 48, 26, 49, 39, 55, 10, 50, 47, 53, 11, 42, 40, 34, 25, 33, 28, 29, 30, 44, 46, 45, 16, 17, 19, 20, 18, 0]
169;379;[0, 51, 52, 41, 27, 54, 22, 21, 14, 15, 13, 12, 7, 6, 8, 9, 32, 31, 36, 35, 37, 57, 56, 58, 4, 2, 1, 3, 5, 23, 24, 38, 43, 48, 26, 49, 39, 55, 10, 50, 47, 53, 11, 42, 40, 34, 25, 33, 28, 29, 30, 44, 46, 45, 16, 17, 19, 20, 18, 0]
170;379;[0, 51, 52, 41, 27, 54, 22, 21, 14, 15, 13, 12, 7, 6, 8, 9, 32, 31, 36, 35, 37, 57, 56, 58, 4, 2, 1, 3, 5, 23, 24, 38, 43, 48, 26, 49, 39, 55, 10, 50, 47, 53, 11, 42, 40, 34, 25, 33, 28, 29, 30, 44, 46, 45, 16, 17, 19, 20, 18, 0]
171;379;[0, 51, 52, 41, 27, 54, 22, 21, 14, 15, 13, 12, 7, 6, 8, 9, 32, 31, 36, 35, 37, 57, 56, 58, 4, 2, 1, 3, 5, 23, 24, 38, 43, 48, 26, 49, 39, 55, 10, 50, 47, 53, 11, 42, 40, 34, 25, 33, 28, 29, 30, 44, 46, 45, 16, 17, 19, 20, 18, 0]
172;379;[0, 51, 52, 41, 27, 54, 22, 21, 14, 15, 13, 12, 7, 6, 8, 9, 32, 31, 36, 35, 37, 57, 56, 58, 4, 2, 1, 3, 5, 23, 24, 38, 43, 48, 26, 49, 39, 55, 10, 50, 47, 53, 11, 42, 40, 34, 25, 33, 28, 29, 30, 44, 46, 45, 16, 17, 19, 20, 18, 0]
173;379;[0, 51, 52, 41, 27, 54, 22, 21, 14, 15, 13, 12, 7, 6, 8, 9, 32, 31, 36, 35, 37, 57, 56, 58, 4, 2, 1, 3, 5, 23, 24, 38, 43, 48, 26, 49, 39, 55, 10, 50, 47, 53, 11, 42, 40, 34, 25, 33, 28, 29, 30, 44, 46, 45, 16, 17, 19, 20, 18, 0]
174;379;[0, 51, 52, 41, 27, 54, 22, 21, 14, 15, 13, 12, 7, 6, 8, 9, 32, 31, 36, 35, 37, 57, 56, 58, 4, 2, 1, 3, 5, 23, 24, 38, 43, 48, 26, 49, 39, 55, 10, 50, 47, 53, 11, 42, 40, 34, 25, 33, 28, 29, 30, 44, 46, 45, 16, 17, 19, 20, 18, 0]
175;379;[0, 51, 52, 41, 27, 54, 22, 21, 14, 15, 13, 12, 7, 6, 8, 9, 32, 31, 36, 35, 37, 57, 56, 58, 4, 2, 1, 3, 5, 23, 24, 38, 43, 48, 26, 49, 39, 55, 10, 50, 47, 53, 11, 42, 40, 34, 25, 33, 28, 29, 30, 44, 46, 45, 16, 17, 19, 20, 18, 0]
176;379;[0, 51, 52, 41, 27, 54, 22, 21, 14, 15, 13, 12, 7, 6, 8, 9, 32, 31, 36, 35, 37, 57, 56, 58, 4, 2, 1, 3, 5, 23, 24, 38, 43, 48, 26, 49, 39, 55, 10, 50, 47, 53, 11, 42, 40, 34, 25, 33, 28, 29, 30, 44, 46, 45, 16, 17, 19, 20, 18, 0]
177;379;[0, 51, 52, 41, 27, 54, 22, 21, 14, 15, 13, 12, 7, 6, 8, 9, 32, 31, 36, 35, 37, 57, 56, 58, 4, 2, 1, 3, 5, 23, 24, 38, 43, 48, 26, 49, 39, 55, 10, 50, 47, 53, 11, 42, 40, 34, 25, 33, 28, 29, 30, 44, 46, 45, 16, 17, 19, 20, 18, 0]
178;379;[0, 51, 52, 41, 27, 54, 22, 21, 14, 15, 13, 12, 7, 6, 8, 9, 32, 31, 36, 35, 37, 57, 56, 58, 4, 2, 1, 3, 5, 23, 24, 38, 43, 48, 26, 49, 39, 55, 10, 50, 47, 53, 11, 42, 40, 34, 25, 33, 28, 29, 30, 44, 46, 45, 16, 17, 19, 20, 18, 0]
179;379;[0, 51, 52, 41, 27, 54, 22, 21, 14, 15, 13, 12, 7, 6, 8, 9, 32, 31, 36, 35, 37, 57, 56, 58, 4, 2, 1, 3, 5, 23, 24, 38, 43, 48, 26, 49, 39, 55, 10, 50, 47, 53, 11, 42, 40, 34, 25, 33, 28, 29, 30, 44, 46, 45, 16, 17, 19, 20, 18, 0]
180;379;[0, 51, 52, 41, 27, 54, 22, 21, 14, 15, 13, 12, 7, 6, 8, 9, 32, 31, 36, 35, 37, 57, 56, 58, 4, 2, 1, 3, 5, 23, 24, 38, 43, 48, 26, 49, 39, 55, 10, 50, 47, 53, 11, 42, 40, 34, 25, 33, 28, 29, 30, 44, 46, 45, 16, 17, 19, 20, 18, 0]
181;379;[0, 51, 52, 41, 27, 54, 22, 21, 14, 15, 13, 12, 7, 6, 8, 9, 32, 31, 36, 35, 37, 57, 56, 58, 4, 2, 1, 3, 5, 23, 24, 38, 43, 48, 26, 49, 39, 55, 10, 50, 47, 53, 11, 42, 40, 34, 25, 33, 28, 29, 30, 44, 46, 45, 16, 17, 19, 20, 18, 0]
182;379;[0, 51, 52, 41, 27, 54, 22, 21, 14, 15, 13, 12, 7, 6, 8, 9, 32, 31, 36, 35, 37, 57, 56, 58, 4, 2, 1, 3, 5, 23, 24, 38, 43, 48, 26, 49, 39, 55, 10, 50, 47, 53, 11, 42, 40, 34, 25, 33, 28, 29, 30, 44, 46, 45, 16, 17, 19, 20, 18, 0]
183;379;[0, 51, 52, 41, 27, 54, 22, 21, 14, 15, 13, 12, 7, 6, 8, 9, 32, 31, 36, 35, 37, 57, 56, 58, 4, 2, 1, 3, 5, 23, 24, 38, 43, 48, 26, 49, 39, 55, 10, 50, 47, 53, 11, 42, 40, 34, 25, 33, 28, 29, 30, 44, 46, 45, 16, 17, 19, 20, 18, 0]
184;379;[0, 51, 52, 41, 27, 54, 22, 21, 14, 15, 13, 12, 7, 6, 8, 9, 32, 31, 36, 35, 37, 57, 56, 58, 4, 2, 1, 3, 5, 23, 24, 38, 43, 48, 26, 49, 39, 55, 10, 50, 47, 53, 11, 42, 40, 34, 25, 33, 28, 29, 30, 44, 46, 45, 16, 17, 19, 20, 18, 0]
185;379;[0, 51, 52, 41, 27, 54, 22, 21, 14, 15, 13, 12, 7, 6, 8, 9, 32, 31, 36, 35, 37, 57, 56, 58, 4, 2, 1, 3, 5, 23, 24, 38, 43, 48, 26, 49, 39, 55, 10, 50, 47, 53, 11, 42, 40, 34, 25, 33, 28, 29, 30, 44, 46, 45, 16, 17, 19, 20, 18, 0]
186;379;[0, 51, 52, 41, 27, 54, 22, 21, 14, 15, 13, 12, 7, 6, 8, 9, 32, 31, 36, 35, 37, 57, 56, 58, 4, 2, 1, 3, 5, 23, 24, 38, 43, 48, 26, 49, 39, 55, 10, 50, 47, 53, 11, 42, 40, 34, 25, 33, 28, 29, 30, 44, 46, 45, 16, 17, 19, 20, 18, 0]
187;379;[0, 51, 52, 41, 27, 54, 22, 21, 14, 15, 13, 12, 7, 6, 8, 9, 32, 31, 36, 35, 37, 57, 56, 58, 4, 2, 1, 3, 5, 23, 24, 38, 43, 48, 26, 49, 39, 55, 10, 50, 47, 53, 11, 42, 40, 34, 25, 33, 28, 29, 30, 44, 46, 45, 16, 17, 19, 20, 18, 0]
188;379;[0, 51, 52, 41, 27, 54, 22, 21, 14, 15, 13, 12, 7, 6, 8, 9, 32, 31, 36, 35, 37, 57, 56, 58, 4, 2, 1, 3, 5, 23, 24, 38, 43, 48, 26, 49, 39, 55, 10, 50, 47, 53, 11, 42, 40, 34, 25, 33, 28, 29, 30, 44, 46, 45, 16, 17, 19, 20, 18, 0]
189;379;[0, 51, 52, 41, 27, 54, 22, 21, 14, 15, 13, 12, 7, 6, 8, 9, 32, 31, 36, 35, 37, 57, 56, 58, 4, 2, 1, 3, 5, 23, 24, 38, 43, 48, 26, 49, 39, 55, 10, 50, 47, 53, 11, 42, 40, 34, 25, 33, 28, 29, 30, 44, 46, 45, 16, 17, 19, 20, 18, 0]
190;379;[0, 51, 52, 41, 27, 54, 22, 21, 14, 15, 13, 12, 7, 6, 8, 9, 32, 31, 36, 35, 37, 57, 56, 58, 4, 2, 1, 3, 5, 23, 24, 38, 43, 48, 26, 49, 39, 55, 10, 50, 47, 53, 11, 42, 40, 34, 25, 33, 28, 29, 30, 44, 46, 45, 16, 17, 19, 20, 18, 0]
191;379;[0, 51, 52, 41, 27, 54, 22, 21, 14, 15, 13, 12, 7, 6, 8, 9, 32, 31, 36, 35, 37, 57, 56, 58, 4, 2, 1, 3, 5, 23, 24, 38, 43, 48, 26, 49, 39, 55, 10, 50, 47, 53, 11, 42, 40, 34, 25, 33, 28, 29, 30, 44, 46, 45, 16, 17, 19, 20, 18, 0]
192;379;[0, 51, 52, 41, 27, 54, 22, 21, 14, 15, 13, 12, 7, 6, 8, 9, 32, 31, 36, 35, 37, 57, 56, 58, 4, 2, 1, 3, 5, 23, 24, 38, 43, 48, 26, 49, 39, 55, 10, 50, 47, 53, 11, 42, 40, 34, 25, 33, 28, 29, 30, 44, 46, 45, 16, 17, 19, 20, 18, 0]
193;379;[0, 51, 52, 41, 27, 54, 22, 21, 14, 15, 13, 12, 7, 6, 8, 9, 32, 31, 36, 35, 37, 57, 56, 58, 4, 2, 1, 3, 5, 23, 24, 38, 43, 48, 26, 49, 39, 55, 10, 50, 47, 53, 11, 42, 40, 34, 25, 33, 28, 29, 30, 44, 46, 45, 16, 17, 19, 20, 18, 0]
194;379;[0, 51, 52, 41, 27, 54, 22, 21, 14, 15, 13, 12, 7, 6, 8, 9, 32, 31, 36, 35, 37, 57, 56, 58, 4, 2, 1, 3, 5, 23, 24, 38, 43, 48, 26, 49, 39, 55, 10, 50, 47, 53, 11, 42, 40, 34, 25, 33, 28, 29, 30, 44, 46, 45, 16, 17, 19, 20, 18, 0]
195;379;[0, 51, 52, 41, 27, 54, 22, 21, 14, 15, 13, 12, 7, 6, 8, 9, 32, 31, 36, 35, 37, 57, 56, 58, 4, 2, 1, 3, 5, 23, 24, 38, 43, 48, 26, 49, 39, 55, 10, 50, 47, 53, 11, 42, 40, 34, 25, 33, 28, 29, 30, 44, 46, 45, 16, 17, 19, 20, 18, 0]
196;379;[0, 51, 52, 41, 27, 54, 22, 21, 14, 15, 13, 12, 7, 6, 8, 9, 32, 31, 36, 35, 37, 57, 56, 58, 4, 2, 1, 3, 5, 23, 24, 38, 43, 48, 26, 49, 39, 55, 10, 50, 47, 53, 11, 42, 40, 34, 25, 33, 28, 29, 30, 44, 46, 45, 16, 17, 19, 20, 18, 0]
197;379;[0, 51, 52, 41, 27, 54, 22, 21, 14, 15, 13, 12, 7, 6, 8, 9, 32, 31, 36, 35, 37, 57, 56, 58, 4, 2, 1, 3, 5, 23, 24, 38, 43, 48, 26, 49, 39, 55, 10, 50, 47, 53, 11, 42, 40, 34, 25, 33, 28, 29, 30, 44, 46, 45, 16, 17, 19, 20, 18, 0]
198;379;[0, 51, 52, 41, 27, 54, 22, 21, 14, 15, 13, 12, 7, 6, 8, 9, 32, 31, 36, 35, 37, 57, 56, 58, 4, 2, 1, 3, 5, 23, 24, 38, 43, 48, 26, 49, 39, 55, 10, 50, 47, 53, 11, 42, 40, 34, 25, 33, 28, 29, 30, 44, 46, 45, 16, 17, 19, 20, 18, 0]
199;379;[0, 51, 52, 41, 27, 54, 22, 21, 14, 15, 13, 12, 7, 6, 8, 9, 32, 31, 36, 35, 37, 57, 56, 58, 4, 2, 1, 3, 5, 23, 24, 38, 43, 48, 26, 49, 39, 55, 10, 50, 47, 53, 11, 42, 40, 34, 25, 33, 28, 29, 30, 44, 46, 45, 16, 17, 19, 20, 18, 0]
200;379;[0, 51, 52, 41, 27, 54, 22, 21, 14, 15, 13, 12, 7, 6, 8, 9, 32, 31, 36, 35, 37, 57, 56, 58, 4, 2, 1, 3, 5, 23, 24, 38, 43, 48, 26, 49, 39, 55, 10, 50, 47, 53, 11, 42, 40, 34, 25, 33, 28, 29, 30, 44, 46, 45, 16, 17, 19, 20, 18, 0]
201;379;[0, 51, 52, 41, 27, 54, 22, 21, 14, 15, 13, 12, 7, 6, 8, 9, 32, 31, 36, 35, 37, 57, 56, 58, 4, 2, 1, 3, 5, 23, 24, 38, 43, 48, 26, 49, 39, 55, 10, 50, 47, 53, 11, 42, 40, 34, 25, 33, 28, 29, 30, 44, 46, 45, 16, 17, 19, 20, 18, 0]
202;379;[0, 51, 52, 41, 27, 54, 22, 21, 14, 15, 13, 12, 7, 6, 8, 9, 32, 31, 36, 35, 37, 57, 56, 58, 4, 2, 1, 3, 5, 23, 24, 38, 43, 48, 26, 49, 39, 55, 10, 50, 47, 53, 11, 42, 40, 34, 25, 33, 28, 29, 30, 44, 46, 45, 16, 17, 19, 20, 18, 0]
203;379;[0, 51, 52, 41, 27, 54, 22, 21, 14, 15, 13, 12, 7, 6, 8, 9, 32, 31, 36, 35, 37, 57, 56, 58, 4, 2, 1, 3, 5, 23, 24, 38, 43, 48, 26, 49, 39, 55, 10, 50, 47, 53, 11, 42, 40, 34, 25, 33, 28, 29, 30, 44, 46, 45, 16, 17, 19, 20, 18, 0]
204;379;[0, 51, 52, 41, 27, 54, 22, 21, 14, 15, 13, 12, 7, 6, 8, 9, 32, 31, 36, 35, 37, 57, 56, 58, 4, 2, 1, 3, 5, 23, 24, 38, 43, 48, 26, 49, 39, 55, 10, 50, 47, 53, 11, 42, 40, 34, 25, 33, 28, 29, 30, 44, 46, 45, 16, 17, 19, 20, 18, 0]
205;379;[0, 51, 52, 41, 27, 54, 22, 21, 14, 15, 13, 12, 7, 6, 8, 9, 32, 31, 36, 35, 37, 57, 56, 58, 4, 2, 1, 3, 5, 23, 24, 38, 43, 48, 26, 49, 39, 55, 10, 50, 47, 53, 11, 42, 40, 34, 25, 33, 28, 29, 30, 44, 46, 45, 16, 17, 19, 20, 18, 0]
206;379;[0, 51, 52, 41, 27, 54, 22, 21, 14, 15, 13, 12, 7, 6, 8, 9, 32, 31, 36, 35, 37, 57, 56, 58, 4, 2, 1, 3, 5, 23, 24, 38, 43, 48, 26, 49, 39, 55, 10, 50, 47, 53, 11, 42, 40, 34, 25, 33, 28, 29, 30, 44, 46, 45, 16, 17, 19, 20, 18, 0]
207;379;[0, 51, 52, 41, 27, 54, 22, 21, 14, 15, 13, 12, 7, 6, 8, 9, 32, 31, 36, 35, 37, 57, 56, 58, 4, 2, 1, 3, 5, 23, 24, 38, 43, 48, 26, 49, 39, 55, 10, 50, 47, 53, 11, 42, 40, 34, 25, 33, 28, 29, 30, 44, 46, 45, 16, 17, 19, 20, 18, 0]
208;379;[0, 51, 52, 41, 27, 54, 22, 21, 14, 15, 13, 12, 7, 6, 8, 9, 32, 31, 36, 35, 37, 57, 56, 58, 4, 2, 1, 3, 5, 23, 24, 38, 43, 48, 26, 49, 39, 55, 10, 50, 47, 53, 11, 42, 40, 34, 25, 33, 28, 29, 30, 44, 46, 45, 16, 17, 19, 20, 18, 0]
209;379;[0, 51, 52, 41, 27, 54, 22, 21, 14, 15, 13, 12, 7, 6, 8, 9, 32, 31, 36, 35, 37, 57, 56, 58, 4, 2, 1, 3, 5, 23, 24, 38, 43, 48, 26, 49, 39, 55, 10, 50, 47, 53, 11, 42, 40, 34, 25, 33, 28, 29, 30, 44, 46, 45, 16, 17, 19, 20, 18, 0]
210;379;[0, 51, 52, 41, 27, 54, 22, 21, 14, 15, 13, 12, 7, 6, 8, 9, 32, 31, 36, 35, 37, 57, 56, 58, 4, 2, 1, 3, 5, 23, 24, 38, 43, 48, 26, 49, 39, 55, 10, 50, 47, 53, 11, 42, 40, 34, 25, 33, 28, 29, 30, 44, 46, 45, 16, 17, 19, 20, 18, 0]
211;379;[0, 51, 52, 41, 27, 54, 22, 21, 14, 15, 13, 12, 7, 6, 8, 9, 32, 31, 36, 35, 37, 57, 56, 58, 4, 2, 1, 3, 5, 23, 24, 38, 43, 48, 26, 49, 39, 55, 10, 50, 47, 53, 11, 42, 40, 34, 25, 33, 28, 29, 30, 44, 46, 45, 16, 17, 19, 20, 18, 0]
212;379;[0, 51, 52, 41, 27, 54, 22, 21, 14, 15, 13, 12, 7, 6, 8, 9, 32, 31, 36, 35, 37, 57, 56, 58, 4, 2, 1, 3, 5, 23, 24, 38, 43, 48, 26, 49, 39, 55, 10, 50, 47, 53, 11, 42, 40, 34, 25, 33, 28, 29, 30, 44, 46, 45, 16, 17, 19, 20, 18, 0]
213;379;[0, 51, 52, 41, 27, 54, 22, 21, 14, 15, 13, 12, 7, 6, 8, 9, 32, 31, 36, 35, 37, 57, 56, 58, 4, 2, 1, 3, 5, 23, 24, 38, 43, 48, 26, 49, 39, 55, 10, 50, 47, 53, 11, 42, 40, 34, 25, 33, 28, 29, 30, 44, 46, 45, 16, 17, 19, 20, 18, 0]
214;379;[0, 51, 52, 41, 27, 54, 22, 21, 14, 15, 13, 12, 7, 6, 8, 9, 32, 31, 36, 35, 37, 57, 56, 58, 4, 2, 1, 3, 5, 23, 24, 38, 43, 48, 26, 49, 39, 55, 10, 50, 47, 53, 11, 42, 40, 34, 25, 33, 28, 29, 30, 44, 46, 45, 16, 17, 19, 20, 18, 0]
215;379;[0, 51, 52, 41, 27, 54, 22, 21, 14, 15, 13, 12, 7, 6, 8, 9, 32, 31, 36, 35, 37, 57, 56, 58, 4, 2, 1, 3, 5, 23, 24, 38, 43, 48, 26, 49, 39, 55, 10, 50, 47, 53, 11, 42, 40, 34, 25, 33, 28, 29, 30, 44, 46, 45, 16, 17, 19, 20, 18, 0]
216;379;[0, 51, 52, 41, 27, 54, 22, 21, 14, 15, 13, 12, 7, 6, 8, 9, 32, 31, 36, 35, 37, 57, 56, 58, 4, 2, 1, 3, 5, 23, 24, 38, 43, 48, 26, 49, 39, 55, 10, 50, 47, 53, 11, 42, 40, 34, 25, 33, 28, 29, 30, 44, 46, 45, 16, 17, 19, 20, 18, 0]
217;379;[0, 51, 52, 41, 27, 54, 22, 21, 14, 15, 13, 12, 7, 6, 8, 9, 32, 31, 36, 35, 37, 57, 56, 58, 4, 2, 1, 3, 5, 23, 24, 38, 43, 48, 26, 49, 39, 55, 10, 50, 47, 53, 11, 42, 40, 34, 25, 33, 28, 29, 30, 44, 46, 45, 16, 17, 19, 20, 18, 0]
218;379;[0, 51, 52, 41, 27, 54, 22, 21, 14, 15, 13, 12, 7, 6, 8, 9, 32, 31, 36, 35, 37, 57, 56, 58, 4, 2, 1, 3, 5, 23, 24, 38, 43, 48, 26, 49, 39, 55, 10, 50, 47, 53, 11, 42, 40, 34, 25, 33, 28, 29, 30, 44, 46, 45, 16, 17, 19, 20, 18, 0]
219;379;[0, 51, 52, 41, 27, 54, 22, 21, 14, 15, 13, 12, 7, 6, 8, 9, 32, 31, 36, 35, 37, 57, 56, 58, 4, 2, 1, 3, 5, 23, 24, 38, 43, 48, 26, 49, 39, 55, 10, 50, 47, 53, 11, 42, 40, 34, 25, 33, 28, 29, 30, 44, 46, 45, 16, 17, 19, 20, 18, 0]
220;379;[0, 51, 52, 41, 27, 54, 22, 21, 14, 15, 13, 12, 7, 6, 8, 9, 32, 31, 36, 35, 37, 57, 56, 58, 4, 2, 1, 3, 5, 23, 24, 38, 43, 48, 26, 49, 39, 55, 10, 50, 47, 53, 11, 42, 40, 34, 25, 33, 28, 29, 30, 44, 46, 45, 16, 17, 19, 20, 18, 0]
221;379;[0, 51, 52, 41, 27, 54, 22, 21, 14, 15, 13, 12, 7, 6, 8, 9, 32, 31, 36, 35, 37, 57, 56, 58, 4, 2, 1, 3, 5, 23, 24, 38, 43, 48, 26, 49, 39, 55, 10, 50, 47, 53, 11, 42, 40, 34, 25, 33, 28, 29, 30, 44, 46, 45, 16, 17, 19, 20, 18, 0]
222;379;[0, 51, 52, 41, 27, 54, 22, 21, 14, 15, 13, 12, 7, 6, 8, 9, 32, 31, 36, 35, 37, 57, 56, 58, 4, 2, 1, 3, 5, 23, 24, 38, 43, 48, 26, 49, 39, 55, 10, 50, 47, 53, 11, 42, 40, 34, 25, 33, 28, 29, 30, 44, 46, 45, 16, 17, 19, 20, 18, 0]
223;379;[0, 51, 52, 41, 27, 54, 22, 21, 14, 15, 13, 12, 7, 6, 8, 9, 32, 31, 36, 35, 37, 57, 56, 58, 4, 2, 1, 3, 5, 23, 24, 38, 43, 48, 26, 49, 39, 55, 10, 50, 47, 53, 11, 42, 40, 34, 25, 33, 28, 29, 30, 44, 46, 45, 16, 17, 19, 20, 18, 0]
224;379;[0, 51, 52, 41, 27, 54, 22, 21, 14, 15, 13, 12, 7, 6, 8, 9, 32, 31, 36, 35, 37, 57, 56, 58, 4, 2, 1, 3, 5, 23, 24, 38, 43, 48, 26, 49, 39, 55, 10, 50, 47, 53, 11, 42, 40, 34, 25, 33, 28, 29, 30, 44, 46, 45, 16, 17, 19, 20, 18, 0]
225;379;[0, 51, 52, 41, 27, 54, 22, 21, 14, 15, 13, 12, 7, 6, 8, 9, 32, 31, 36, 35, 37, 57, 56, 58, 4, 2, 1, 3, 5, 23, 24, 38, 43, 48, 26, 49, 39, 55, 10, 50, 47, 53, 11, 42, 40, 34, 25, 33, 28, 29, 30, 44, 46, 45, 16, 17, 19, 20, 18, 0]
226;379;[0, 51, 52, 41, 27, 54, 22, 21, 14, 15, 13, 12, 7, 6, 8, 9, 32, 31, 36, 35, 37, 57, 56, 58, 4, 2, 1, 3, 5, 23, 24, 38, 43, 48, 26, 49, 39, 55, 10, 50, 47, 53, 11, 42, 40, 34, 25, 33, 28, 29, 30, 44, 46, 45, 16, 17, 19, 20, 18, 0]
227;379;[0, 51, 52, 41, 27, 54, 22, 21, 14, 15, 13, 12, 7, 6, 8, 9, 32, 31, 36, 35, 37, 57, 56, 58, 4, 2, 1, 3, 5, 23, 24, 38, 43, 48, 26, 49, 39, 55, 10, 50, 47, 53, 11, 42, 40, 34, 25, 33, 28, 29, 30, 44, 46, 45, 16, 17, 19, 20, 18, 0]
228;379;[0, 51, 52, 41, 27, 54, 22, 21, 14, 15, 13, 12, 7, 6, 8, 9, 32, 31, 36, 35, 37, 57, 56, 58, 4, 2, 1, 3, 5, 23, 24, 38, 43, 48, 26, 49, 39, 55, 10, 50, 47, 53, 11, 42, 40, 34, 25, 33, 28, 29, 30, 44, 46, 45, 16, 17, 19, 20, 18, 0]
229;379;[0, 51, 52, 41, 27, 54, 22, 21, 14, 15, 13, 12, 7, 6, 8, 9, 32, 31, 36, 35, 37, 57, 56, 58, 4, 2, 1, 3, 5, 23, 24, 38, 43, 48, 26, 49, 39, 55, 10, 50, 47, 53, 11, 42, 40, 34, 25, 33, 28, 29, 30, 44, 46, 45, 16, 17, 19, 20, 18, 0]
230;379;[0, 51, 52, 41, 27, 54, 22, 21, 14, 15, 13, 12, 7, 6, 8, 9, 32, 31, 36, 35, 37, 57, 56, 58, 4, 2, 1, 3, 5, 23, 24, 38, 43, 48, 26, 49, 39, 55, 10, 50, 47, 53, 11, 42, 40, 34, 25, 33, 28, 29, 30, 44, 46, 45, 16, 17, 19, 20, 18, 0]
231;379;[0, 51, 52, 41, 27, 54, 22, 21, 14, 15, 13, 12, 7, 6, 8, 9, 32, 31, 36, 35, 37, 57, 56, 58, 4, 2, 1, 3, 5, 23, 24, 38, 43, 48, 26, 49, 39, 55, 10, 50, 47, 53, 11, 42, 40, 34, 25, 33, 28, 29, 30, 44, 46, 45, 16, 17, 19, 20, 18, 0]
232;379;[0, 51, 52, 41, 27, 54, 22, 21, 14, 15, 13, 12, 7, 6, 8, 9, 32, 31, 36, 35, 37, 57, 56, 58, 4, 2, 1, 3, 5, 23, 24, 38, 43, 48, 26, 49, 39, 55, 10, 50, 47, 53, 11, 42, 40, 34, 25, 33, 28, 29, 30, 44, 46, 45, 16, 17, 19, 20, 18, 0]
233;379;[0, 51, 52, 41, 27, 54, 22, 21, 14, 15, 13, 12, 7, 6, 8, 9, 32, 31, 36, 35, 37, 57, 56, 58, 4, 2, 1, 3, 5, 23, 24, 38, 43, 48, 26, 49, 39, 55, 10, 50, 47, 53, 11, 42, 40, 34, 25, 33, 28, 29, 30, 44, 46, 45, 16, 17, 19, 20, 18, 0]
234;379;[0, 51, 52, 41, 27, 54, 22, 21, 14, 15, 13, 12, 7, 6, 8, 9, 32, 31, 36, 35, 37, 57, 56, 58, 4, 2, 1, 3, 5, 23, 24, 38, 43, 48, 26, 49, 39, 55, 10, 50, 47, 53, 11, 42, 40, 34, 25, 33, 28, 29, 30, 44, 46, 45, 16, 17, 19, 20, 18, 0]
235;379;[0, 51, 52, 41, 27, 54, 22, 21, 14, 15, 13, 12, 7, 6, 8, 9, 32, 31, 36, 35, 37, 57, 56, 58, 4, 2, 1, 3, 5, 23, 24, 38, 43, 48, 26, 49, 39, 55, 10, 50, 47, 53, 11, 42, 40, 34, 25, 33, 28, 29, 30, 44, 46, 45, 16, 17, 19, 20, 18, 0]
236;379;[0, 51, 52, 41, 27, 54, 22, 21, 14, 15, 13, 12, 7, 6, 8, 9, 32, 31, 36, 35, 37, 57, 56, 58, 4, 2, 1, 3, 5, 23, 24, 38, 43, 48, 26, 49, 39, 55, 10, 50, 47, 53, 11, 42, 40, 34, 25, 33, 28, 29, 30, 44, 46, 45, 16, 17, 19, 20, 18, 0]
237;379;[0, 51, 52, 41, 27, 54, 22, 21, 14, 15, 13, 12, 7, 6, 8, 9, 32, 31, 36, 35, 37, 57, 56, 58, 4, 2, 1, 3, 5, 23, 24, 38, 43, 48, 26, 49, 39, 55, 10, 50, 47, 53, 11, 42, 40, 34, 25, 33, 28, 29, 30, 44, 46, 45, 16, 17, 19, 20, 18, 0]
238;379;[0, 51, 52, 41, 27, 54, 22, 21, 14, 15, 13, 12, 7, 6, 8, 9, 32, 31, 36, 35, 37, 57, 56, 58, 4, 2, 1, 3, 5, 23, 24, 38, 43, 48, 26, 49, 39, 55, 10, 50, 47, 53, 11, 42, 40, 34, 25, 33, 28, 29, 30, 44, 46, 45, 16, 17, 19, 20, 18, 0]
239;379;[0, 51, 52, 41, 27, 54, 22, 21, 14, 15, 13, 12, 7, 6, 8, 9, 32, 31, 36, 35, 37, 57, 56, 58, 4, 2, 1, 3, 5, 23, 24, 38, 43, 48, 26, 49, 39, 55, 10, 50, 47, 53, 11, 42, 40, 34, 25, 33, 28, 29, 30, 44, 46, 45, 16, 17, 19, 20, 18, 0]
240;379;[0, 51, 52, 41, 27, 54, 22, 21, 14, 15, 13, 12, 7, 6, 8, 9, 32, 31, 36, 35, 37, 57, 56, 58, 4, 2, 1, 3, 5, 23, 24, 38, 43, 48, 26, 49, 39, 55, 10, 50, 47, 53, 11, 42, 40, 34, 25, 33, 28, 29, 30, 44, 46, 45, 16, 17, 19, 20, 18, 0]
241;379;[0, 51, 52, 41, 27, 54, 22, 21, 14, 15, 13, 12, 7, 6, 8, 9, 32, 31, 36, 35, 37, 57, 56, 58, 4, 2, 1, 3, 5, 23, 24, 38, 43, 48, 26, 49, 39, 55, 10, 50, 47, 53, 11, 42, 40, 34, 25, 33, 28, 29, 30, 44, 46, 45, 16, 17, 19, 20, 18, 0]
242;379;[0, 51, 52, 41, 27, 54, 22, 21, 14, 15, 13, 12, 7, 6, 8, 9, 32, 31, 36, 35, 37, 57, 56, 58, 4, 2, 1, 3, 5, 23, 24, 38, 43, 48, 26, 49, 39, 55, 10, 50, 47, 53, 11, 42, 40, 34, 25, 33, 28, 29, 30, 44, 46, 45, 16, 17, 19, 20, 18, 0]
243;379;[0, 51, 52, 41, 27, 54, 22, 21, 14, 15, 13, 12, 7, 6, 8, 9, 32, 31, 36, 35, 37, 57, 56, 58, 4, 2, 1, 3, 5, 23, 24, 38, 43, 48, 26, 49, 39, 55, 10, 50, 47, 53, 11, 42, 40, 34, 25, 33, 28, 29, 30, 44, 46, 45, 16, 17, 19, 20, 18, 0]
244;379;[0, 51, 52, 41, 27, 54, 22, 21, 14, 15, 13, 12, 7, 6, 8, 9, 32, 31, 36, 35, 37, 57, 56, 58, 4, 2, 1, 3, 5, 23, 24, 38, 43, 48, 26, 49, 39, 55, 10, 50, 47, 53, 11, 42, 40, 34, 25, 33, 28, 29, 30, 44, 46, 45, 16, 17, 19, 20, 18, 0]
245;379;[0, 51, 52, 41, 27, 54, 22, 21, 14, 15, 13, 12, 7, 6, 8, 9, 32, 31, 36, 35, 37, 57, 56, 58, 4, 2, 1, 3, 5, 23, 24, 38, 43, 48, 26, 49, 39, 55, 10, 50, 47, 53, 11, 42, 40, 34, 25, 33, 28, 29, 30, 44, 46, 45, 16, 17, 19, 20, 18, 0]
246;379;[0, 51, 52, 41, 27, 54, 22, 21, 14, 15, 13, 12, 7, 6, 8, 9, 32, 31, 36, 35, 37, 57, 56, 58, 4, 2, 1, 3, 5, 23, 24, 38, 43, 48, 26, 49, 39, 55, 10, 50, 47, 53, 11, 42, 40, 34, 25, 33, 28, 29, 30, 44, 46, 45, 16, 17, 19, 20, 18, 0]
247;379;[0, 51, 52, 41, 27, 54, 22, 21, 14, 15, 13, 12, 7, 6, 8, 9, 32, 31, 36, 35, 37, 57, 56, 58, 4, 2, 1, 3, 5, 23, 24, 38, 43, 48, 26, 49, 39, 55, 10, 50, 47, 53, 11, 42, 40, 34, 25, 33, 28, 29, 30, 44, 46, 45, 16, 17, 19, 20, 18, 0]
248;379;[0, 51, 52, 41, 27, 54, 22, 21, 14, 15, 13, 12, 7, 6, 8, 9, 32, 31, 36, 35, 37, 57, 56, 58, 4, 2, 1, 3, 5, 23, 24, 38, 43, 48, 26, 49, 39, 55, 10, 50, 47, 53, 11, 42, 40, 34, 25, 33, 28, 29, 30, 44, 46, 45, 16, 17, 19, 20, 18, 0]
249;379;[0, 51, 52, 41, 27, 54, 22, 21, 14, 15, 13, 12, 7, 6, 8, 9, 32, 31, 36, 35, 37, 57, 56, 58, 4, 2, 1, 3, 5, 23, 24, 38, 43, 48, 26, 49, 39, 55, 10, 50, 47, 53, 11, 42, 40, 34, 25, 33, 28, 29, 30, 44, 46, 45, 16, 17, 19, 20, 18, 0]
250;379;[0, 51, 52, 41, 27, 54, 22, 21, 14, 15, 13, 12, 7, 6, 8, 9, 32, 31, 36, 35, 37, 57, 56, 58, 4, 2, 1, 3, 5, 23, 24, 38, 43, 48, 26, 49, 39, 55, 10, 50, 47, 53, 11, 42, 40, 34, 25, 33, 28, 29, 30, 44, 46, 45, 16, 17, 19, 20, 18, 0]
251;379;[0, 51, 52, 41, 27, 54, 22, 21, 14, 15, 13, 12, 7, 6, 8, 9, 32, 31, 36, 35, 37, 57, 56, 58, 4, 2, 1, 3, 5, 23, 24, 38, 43, 48, 26, 49, 39, 55, 10, 50, 47, 53, 11, 42, 40, 34, 25, 33, 28, 29, 30, 44, 46, 45, 16, 17, 19, 20, 18, 0]
252;379;[0, 51, 52, 41, 27, 54, 22, 21, 14, 15, 13, 12, 7, 6, 8, 9, 32, 31, 36, 35, 37, 57, 56, 58, 4, 2, 1, 3, 5, 23, 24, 38, 43, 48, 26, 49, 39, 55, 10, 50, 47, 53, 11, 42, 40, 34, 25, 33, 28, 29, 30, 44, 46, 45, 16, 17, 19, 20, 18, 0]
253;379;[0, 51, 52, 41, 27, 54, 22, 21, 14, 15, 13, 12, 7, 6, 8, 9, 32, 31, 36, 35, 37, 57, 56, 58, 4, 2, 1, 3, 5, 23, 24, 38, 43, 48, 26, 49, 39, 55, 10, 50, 47, 53, 11, 42, 40, 34, 25, 33, 28, 29, 30, 44, 46, 45, 16, 17, 19, 20, 18, 0]
254;379;[0, 51, 52, 41, 27, 54, 22, 21, 14, 15, 13, 12, 7, 6, 8, 9, 32, 31, 36, 35, 37, 57, 56, 58, 4, 2, 1, 3, 5, 23, 24, 38, 43, 48, 26, 49, 39, 55, 10, 50, 47, 53, 11, 42, 40, 34, 25, 33, 28, 29, 30, 44, 46, 45, 16, 17, 19, 20, 18, 0]
255;379;[0, 51, 52, 41, 27, 54, 22, 21, 14, 15, 13, 12, 7, 6, 8, 9, 32, 31, 36, 35, 37, 57, 56, 58, 4, 2, 1, 3, 5, 23, 24, 38, 43, 48, 26, 49, 39, 55, 10, 50, 47, 53, 11, 42, 40, 34, 25, 33, 28, 29, 30, 44, 46, 45, 16, 17, 19, 20, 18, 0]
256;379;[0, 51, 52, 41, 27, 54, 22, 21, 14, 15, 13, 12, 7, 6, 8, 9, 32, 31, 36, 35, 37, 57, 56, 58, 4, 2, 1, 3, 5, 23, 24, 38, 43, 48, 26, 49, 39, 55, 10, 50, 47, 53, 11, 42, 40, 34, 25, 33, 28, 29, 30, 44, 46, 45, 16, 17, 19, 20, 18, 0]
257;379;[0, 51, 52, 41, 27, 54, 22, 21, 14, 15, 13, 12, 7, 6, 8, 9, 32, 31, 36, 35, 37, 57, 56, 58, 4, 2, 1, 3, 5, 23, 24, 38, 43, 48, 26, 49, 39, 55, 10, 50, 47, 53, 11, 42, 40, 34, 25, 33, 28, 29, 30, 44, 46, 45, 16, 17, 19, 20, 18, 0]
258;379;[0, 51, 52, 41, 27, 54, 22, 21, 14, 15, 13, 12, 7, 6, 8, 9, 32, 31, 36, 35, 37, 57, 56, 58, 4, 2, 1, 3, 5, 23, 24, 38, 43, 48, 26, 49, 39, 55, 10, 50, 47, 53, 11, 42, 40, 34, 25, 33, 28, 29, 30, 44, 46, 45, 16, 17, 19, 20, 18, 0]
259;379;[0, 51, 52, 41, 27, 54, 22, 21, 14, 15, 13, 12, 7, 6, 8, 9, 32, 31, 36, 35, 37, 57, 56, 58, 4, 2, 1, 3, 5, 23, 24, 38, 43, 48, 26, 49, 39, 55, 10, 50, 47, 53, 11, 42, 40, 34, 25, 33, 28, 29, 30, 44, 46, 45, 16, 17, 19, 20, 18, 0]
260;379;[0, 51, 52, 41, 27, 54, 22, 21, 14, 15, 13, 12, 7, 6, 8, 9, 32, 31, 36, 35, 37, 57, 56, 58, 4, 2, 1, 3, 5, 23, 24, 38, 43, 48, 26, 49, 39, 55, 10, 50, 47, 53, 11, 42, 40, 34, 25, 33, 28, 29, 30, 44, 46, 45, 16, 17, 19, 20, 18, 0]
261;379;[0, 51, 52, 41, 27, 54, 22, 21, 14, 15, 13, 12, 7, 6, 8, 9, 32, 31, 36, 35, 37, 57, 56, 58, 4, 2, 1, 3, 5, 23, 24, 38, 43, 48, 26, 49, 39, 55, 10, 50, 47, 53, 11, 42, 40, 34, 25, 33, 28, 29, 30, 44, 46, 45, 16, 17, 19, 20, 18, 0]
262;379;[0, 51, 52, 41, 27, 54, 22, 21, 14, 15, 13, 12, 7, 6, 8, 9, 32, 31, 36, 35, 37, 57, 56, 58, 4, 2, 1, 3, 5, 23, 24, 38, 43, 48, 26, 49, 39, 55, 10, 50, 47, 53, 11, 42, 40, 34, 25, 33, 28, 29, 30, 44, 46, 45, 16, 17, 19, 20, 18, 0]
263;379;[0, 51, 52, 41, 27, 54, 22, 21, 14, 15, 13, 12, 7, 6, 8, 9, 32, 31, 36, 35, 37, 57, 56, 58, 4, 2, 1, 3, 5, 23, 24, 38, 43, 48, 26, 49, 39, 55, 10, 50, 47, 53, 11, 42, 40, 34, 25, 33, 28, 29, 30, 44, 46, 45, 16, 17, 19, 20, 18, 0]
264;379;[0, 51, 52, 41, 27, 54, 22, 21, 14, 15, 13, 12, 7, 6, 8, 9, 32, 31, 36, 35, 37, 57, 56, 58, 4, 2, 1, 3, 5, 23, 24, 38, 43, 48, 26, 49, 39, 55, 10, 50, 47, 53, 11, 42, 40, 34, 25, 33, 28, 29, 30, 44, 46, 45, 16, 17, 19, 20, 18, 0]
265;379;[0, 51, 52, 41, 27, 54, 22, 21, 14, 15, 13, 12, 7, 6, 8, 9, 32, 31, 36, 35, 37, 57, 56, 58, 4, 2, 1, 3, 5, 23, 24, 38, 43, 48, 26, 49, 39, 55, 10, 50, 47, 53, 11, 42, 40, 34, 25, 33, 28, 29, 30, 44, 46, 45, 16, 17, 19, 20, 18, 0]
266;379;[0, 51, 52, 41, 27, 54, 22, 21, 14, 15, 13, 12, 7, 6, 8, 9, 32, 31, 36, 35, 37, 57, 56, 58, 4, 2, 1, 3, 5, 23, 24, 38, 43, 48, 26, 49, 39, 55, 10, 50, 47, 53, 11, 42, 40, 34, 25, 33, 28, 29, 30, 44, 46, 45, 16, 17, 19, 20, 18, 0]
267;379;[0, 51, 52, 41, 27, 54, 22, 21, 14, 15, 13, 12, 7, 6, 8, 9, 32, 31, 36, 35, 37, 57, 56, 58, 4, 2, 1, 3, 5, 23, 24, 38, 43, 48, 26, 49, 39, 55, 10, 50, 47, 53, 11, 42, 40, 34, 25, 33, 28, 29, 30, 44, 46, 45, 16, 17, 19, 20, 18, 0]
268;379;[0, 51, 52, 41, 27, 54, 22, 21, 14, 15, 13, 12, 7, 6, 8, 9, 32, 31, 36, 35, 37, 57, 56, 58, 4, 2, 1, 3, 5, 23, 24, 38, 43, 48, 26, 49, 39, 55, 10, 50, 47, 53, 11, 42, 40, 34, 25, 33, 28, 29, 30, 44, 46, 45, 16, 17, 19, 20, 18, 0]
269;379;[0, 51, 52, 41, 27, 54, 22, 21, 14, 15, 13, 12, 7, 6, 8, 9, 32, 31, 36, 35, 37, 57, 56, 58, 4, 2, 1, 3, 5, 23, 24, 38, 43, 48, 26, 49, 39, 55, 10, 50, 47, 53, 11, 42, 40, 34, 25, 33, 28, 29, 30, 44, 46, 45, 16, 17, 19, 20, 18, 0]
270;379;[0, 51, 52, 41, 27, 54, 22, 21, 14, 15, 13, 12, 7, 6, 8, 9, 32, 31, 36, 35, 37, 57, 56, 58, 4, 2, 1, 3, 5, 23, 24, 38, 43, 48, 26, 49, 39, 55, 10, 50, 47, 53, 11, 42, 40, 34, 25, 33, 28, 29, 30, 44, 46, 45, 16, 17, 19, 20, 18, 0]
271;379;[0, 51, 52, 41, 27, 54, 22, 21, 14, 15, 13, 12, 7, 6, 8, 9, 32, 31, 36, 35, 37, 57, 56, 58, 4, 2, 1, 3, 5, 23, 24, 38, 43, 48, 26, 49, 39, 55, 10, 50, 47, 53, 11, 42, 40, 34, 25, 33, 28, 29, 30, 44, 46, 45, 16, 17, 19, 20, 18, 0]
272;379;[0, 51, 52, 41, 27, 54, 22, 21, 14, 15, 13, 12, 7, 6, 8, 9, 32, 31, 36, 35, 37, 57, 56, 58, 4, 2, 1, 3, 5, 23, 24, 38, 43, 48, 26, 49, 39, 55, 10, 50, 47, 53, 11, 42, 40, 34, 25, 33, 28, 29, 30, 44, 46, 45, 16, 17, 19, 20, 18, 0]
273;379;[0, 51, 52, 41, 27, 54, 22, 21, 14, 15, 13, 12, 7, 6, 8, 9, 32, 31, 36, 35, 37, 57, 56, 58, 4, 2, 1, 3, 5, 23, 24, 38, 43, 48, 26, 49, 39, 55, 10, 50, 47, 53, 11, 42, 40, 34, 25, 33, 28, 29, 30, 44, 46, 45, 16, 17, 19, 20, 18, 0]
274;379;[0, 51, 52, 41, 27, 54, 22, 21, 14, 15, 13, 12, 7, 6, 8, 9, 32, 31, 36, 35, 37, 57, 56, 58, 4, 2, 1, 3, 5, 23, 24, 38, 43, 48, 26, 49, 39, 55, 10, 50, 47, 53, 11, 42, 40, 34, 25, 33, 28, 29, 30, 44, 46, 45, 16, 17, 19, 20, 18, 0]
275;379;[0, 51, 52, 41, 27, 54, 22, 21, 14, 15, 13, 12, 7, 6, 8, 9, 32, 31, 36, 35, 37, 57, 56, 58, 4, 2, 1, 3, 5, 23, 24, 38, 43, 48, 26, 49, 39, 55, 10, 50, 47, 53, 11, 42, 40, 34, 25, 33, 28, 29, 30, 44, 46, 45, 16, 17, 19, 20, 18, 0]
276;379;[0, 51, 52, 41, 27, 54, 22, 21, 14, 15, 13, 12, 7, 6, 8, 9, 32, 31, 36, 35, 37, 57, 56, 58, 4, 2, 1, 3, 5, 23, 24, 38, 43, 48, 26, 49, 39, 55, 10, 50, 47, 53, 11, 42, 40, 34, 25, 33, 28, 29, 30, 44, 46, 45, 16, 17, 19, 20, 18, 0]
277;379;[0, 51, 52, 41, 27, 54, 22, 21, 14, 15, 13, 12, 7, 6, 8, 9, 32, 31, 36, 35, 37, 57, 56, 58, 4, 2, 1, 3, 5, 23, 24, 38, 43, 48, 26, 49, 39, 55, 10, 50, 47, 53, 11, 42, 40, 34, 25, 33, 28, 29, 30, 44, 46, 45, 16, 17, 19, 20, 18, 0]
278;379;[0, 51, 52, 41, 27, 54, 22, 21, 14, 15, 13, 12, 7, 6, 8, 9, 32, 31, 36, 35, 37, 57, 56, 58, 4, 2, 1, 3, 5, 23, 24, 38, 43, 48, 26, 49, 39, 55, 10, 50, 47, 53, 11, 42, 40, 34, 25, 33, 28, 29, 30, 44, 46, 45, 16, 17, 19, 20, 18, 0]
279;379;[0, 51, 52, 41, 27, 54, 22, 21, 14, 15, 13, 12, 7, 6, 8, 9, 32, 31, 36, 35, 37, 57, 56, 58, 4, 2, 1, 3, 5, 23, 24, 38, 43, 48, 26, 49, 39, 55, 10, 50, 47, 53, 11, 42, 40, 34, 25, 33, 28, 29, 30, 44, 46, 45, 16, 17, 19, 20, 18, 0]
280;379;[0, 51, 52, 41, 27, 54, 22, 21, 14, 15, 13, 12, 7, 6, 8, 9, 32, 31, 36, 35, 37, 57, 56, 58, 4, 2, 1, 3, 5, 23, 24, 38, 43, 48, 26, 49, 39, 55, 10, 50, 47, 53, 11, 42, 40, 34, 25, 33, 28, 29, 30, 44, 46, 45, 16, 17, 19, 20, 18, 0]
281;379;[0, 51, 52, 41, 27, 54, 22, 21, 14, 15, 13, 12, 7, 6, 8, 9, 32, 31, 36, 35, 37, 57, 56, 58, 4, 2, 1, 3, 5, 23, 24, 38, 43, 48, 26, 49, 39, 55, 10, 50, 47, 53, 11, 42, 40, 34, 25, 33, 28, 29, 30, 44, 46, 45, 16, 17, 19, 20, 18, 0]
282;379;[0, 51, 52, 41, 27, 54, 22, 21, 14, 15, 13, 12, 7, 6, 8, 9, 32, 31, 36, 35, 37, 57, 56, 58, 4, 2, 1, 3, 5, 23, 24, 38, 43, 48, 26, 49, 39, 55, 10, 50, 47, 53, 11, 42, 40, 34, 25, 33, 28, 29, 30, 44, 46, 45, 16, 17, 19, 20, 18, 0]
283;379;[0, 51, 52, 41, 27, 54, 22, 21, 14, 15, 13, 12, 7, 6, 8, 9, 32, 31, 36, 35, 37, 57, 56, 58, 4, 2, 1, 3, 5, 23, 24, 38, 43, 48, 26, 49, 39, 55, 10, 50, 47, 53, 11, 42, 40, 34, 25, 33, 28, 29, 30, 44, 46, 45, 16, 17, 19, 20, 18, 0]
284;379;[0, 51, 52, 41, 27, 54, 22, 21, 14, 15, 13, 12, 7, 6, 8, 9, 32, 31, 36, 35, 37, 57, 56, 58, 4, 2, 1, 3, 5, 23, 24, 38, 43, 48, 26, 49, 39, 55, 10, 50, 47, 53, 11, 42, 40, 34, 25, 33, 28, 29, 30, 44, 46, 45, 16, 17, 19, 20, 18, 0]
285;379;[0, 51, 52, 41, 27, 54, 22, 21, 14, 15, 13, 12, 7, 6, 8, 9, 32, 31, 36, 35, 37, 57, 56, 58, 4, 2, 1, 3, 5, 23, 24, 38, 43, 48, 26, 49, 39, 55, 10, 50, 47, 53, 11, 42, 40, 34, 25, 33, 28, 29, 30, 44, 46, 45, 16, 17, 19, 20, 18, 0]
286;379;[0, 51, 52, 41, 27, 54, 22, 21, 14, 15, 13, 12, 7, 6, 8, 9, 32, 31, 36, 35, 37, 57, 56, 58, 4, 2, 1, 3, 5, 23, 24, 38, 43, 48, 26, 49, 39, 55, 10, 50, 47, 53, 11, 42, 40, 34, 25, 33, 28, 29, 30, 44, 46, 45, 16, 17, 19, 20, 18, 0]
287;379;[0, 51, 52, 41, 27, 54, 22, 21, 14, 15, 13, 12, 7, 6, 8, 9, 32, 31, 36, 35, 37, 57, 56, 58, 4, 2, 1, 3, 5, 23, 24, 38, 43, 48, 26, 49, 39, 55, 10, 50, 47, 53, 11, 42, 40, 34, 25, 33, 28, 29, 30, 44, 46, 45, 16, 17, 19, 20, 18, 0]
288;379;[0, 51, 52, 41, 27, 54, 22, 21, 14, 15, 13, 12, 7, 6, 8, 9, 32, 31, 36, 35, 37, 57, 56, 58, 4, 2, 1, 3, 5, 23, 24, 38, 43, 48, 26, 49, 39, 55, 10, 50, 47, 53, 11, 42, 40, 34, 25, 33, 28, 29, 30, 44, 46, 45, 16, 17, 19, 20, 18, 0]
289;379;[0, 51, 52, 41, 27, 54, 22, 21, 14, 15, 13, 12, 7, 6, 8, 9, 32, 31, 36, 35, 37, 57, 56, 58, 4, 2, 1, 3, 5, 23, 24, 38, 43, 48, 26, 49, 39, 55, 10, 50, 47, 53, 11, 42, 40, 34, 25, 33, 28, 29, 30, 44, 46, 45, 16, 17, 19, 20, 18, 0]
290;379;[0, 51, 52, 41, 27, 54, 22, 21, 14, 15, 13, 12, 7, 6, 8, 9, 32, 31, 36, 35, 37, 57, 56, 58, 4, 2, 1, 3, 5, 23, 24, 38, 43, 48, 26, 49, 39, 55, 10, 50, 47, 53, 11, 42, 40, 34, 25, 33, 28, 29, 30, 44, 46, 45, 16, 17, 19, 20, 18, 0]
291;379;[0, 51, 52, 41, 27, 54, 22, 21, 14, 15, 13, 12, 7, 6, 8, 9, 32, 31, 36, 35, 37, 57, 56, 58, 4, 2, 1, 3, 5, 23, 24, 38, 43, 48, 26, 49, 39, 55, 10, 50, 47, 53, 11, 42, 40, 34, 25, 33, 28, 29, 30, 44, 46, 45, 16, 17, 19, 20, 18, 0]
292;379;[0, 51, 52, 41, 27, 54, 22, 21, 14, 15, 13, 12, 7, 6, 8, 9, 32, 31, 36, 35, 37, 57, 56, 58, 4, 2, 1, 3, 5, 23, 24, 38, 43, 48, 26, 49, 39, 55, 10, 50, 47, 53, 11, 42, 40, 34, 25, 33, 28, 29, 30, 44, 46, 45, 16, 17, 19, 20, 18, 0]
293;379;[0, 51, 52, 41, 27, 54, 22, 21, 14, 15, 13, 12, 7, 6, 8, 9, 32, 31, 36, 35, 37, 57, 56, 58, 4, 2, 1, 3, 5, 23, 24, 38, 43, 48, 26, 49, 39, 55, 10, 50, 47, 53, 11, 42, 40, 34, 25, 33, 28, 29, 30, 44, 46, 45, 16, 17, 19, 20, 18, 0]
294;379;[0, 51, 52, 41, 27, 54, 22, 21, 14, 15, 13, 12, 7, 6, 8, 9, 32, 31, 36, 35, 37, 57, 56, 58, 4, 2, 1, 3, 5, 23, 24, 38, 43, 48, 26, 49, 39, 55, 10, 50, 47, 53, 11, 42, 40, 34, 25, 33, 28, 29, 30, 44, 46, 45, 16, 17, 19, 20, 18, 0]
295;379;[0, 51, 52, 41, 27, 54, 22, 21, 14, 15, 13, 12, 7, 6, 8, 9, 32, 31, 36, 35, 37, 57, 56, 58, 4, 2, 1, 3, 5, 23, 24, 38, 43, 48, 26, 49, 39, 55, 10, 50, 47, 53, 11, 42, 40, 34, 25, 33, 28, 29, 30, 44, 46, 45, 16, 17, 19, 20, 18, 0]
296;379;[0, 51, 52, 41, 27, 54, 22, 21, 14, 15, 13, 12, 7, 6, 8, 9, 32, 31, 36, 35, 37, 57, 56, 58, 4, 2, 1, 3, 5, 23, 24, 38, 43, 48, 26, 49, 39, 55, 10, 50, 47, 53, 11, 42, 40, 34, 25, 33, 28, 29, 30, 44, 46, 45, 16, 17, 19, 20, 18, 0]
297;379;[0, 51, 52, 41, 27, 54, 22, 21, 14, 15, 13, 12, 7, 6, 8, 9, 32, 31, 36, 35, 37, 57, 56, 58, 4, 2, 1, 3, 5, 23, 24, 38, 43, 48, 26, 49, 39, 55, 10, 50, 47, 53, 11, 42, 40, 34, 25, 33, 28, 29, 30, 44, 46, 45, 16, 17, 19, 20, 18, 0]
298;379;[0, 51, 52, 41, 27, 54, 22, 21, 14, 15, 13, 12, 7, 6, 8, 9, 32, 31, 36, 35, 37, 57, 56, 58, 4, 2, 1, 3, 5, 23, 24, 38, 43, 48, 26, 49, 39, 55, 10, 50, 47, 53, 11, 42, 40, 34, 25, 33, 28, 29, 30, 44, 46, 45, 16, 17, 19, 20, 18, 0]
299;379;[0, 51, 52, 41, 27, 54, 22, 21, 14, 15, 13, 12, 7, 6, 8, 9, 32, 31, 36, 35, 37, 57, 56, 58, 4, 2, 1, 3, 5, 23, 24, 38, 43, 48, 26, 49, 39, 55, 10, 50, 47, 53, 11, 42, 40, 34, 25, 33, 28, 29, 30, 44, 46, 45, 16, 17, 19, 20, 18, 0]
