0;618;[0, 19, 5, 33, 10, 39, 49, 48, 43, 38, 32, 31, 16, 17, 20, 18, 26, 55, 47, 53, 40, 11, 42, 50, 25, 34, 28, 29, 30, 44, 46, 45, 24, 23, 9, 58, 56, 1, 2, 3, 6, 7, 8, 57, 36, 35, 37, 12, 13, 14, 15, 21, 22, 54, 41, 52, 27, 51, 4, 0]
1;651;[0, 19, 28, 29, 30, 27, 51, 52, 41, 54, 22, 21, 13, 7, 9, 6, 8, 14, 4, 5, 56, 31, 57, 58, 1, 2, 3, 37, 24, 23, 46, 44, 18, 16, 17, 20, 45, 15, 12, 10, 47, 53, 11, 25, 48, 43, 38, 39, 33, 34, 40, 42, 26, 49, 55, 50, 36, 35, 32, 0]
2;653;[0, 27, 51, 52, 41, 1, 2, 40, 42, 11, 33, 25, 15, 54, 24, 23, 3, 37, 9, 6, 8, 12, 13, 14, 7, 21, 22, 57, 56, 28, 29, 30, 38, 48, 43, 44, 46, 45, 20, 19, 18, 16, 17, 34, 53, 47, 50, 10, 55, 26, 49, 39, 31, 35, 36, 32, 58, 4, 5, 0]
3;642;[0, 9, 12, 13, 7, 6, 8, 15, 16, 17, 1, 2, 4, 58, 56, 57, 14, 51, 27, 41, 52, 22, 21, 5, 20, 19, 18, 28, 29, 30, 46, 44, 45, 24, 23, 32, 31, 35, 36, 37, 3, 49, 39, 55, 50, 10, 38, 48, 26, 43, 54, 34, 40, 11, 33, 47, 25, 53, 42, 0]
4;594;[0, 15, 58, 56, 5, 16, 17, 19, 20, 18, 23, 44, 46, 45, 30, 28, 29, 26, 49, 38, 43, 48, 39, 55, 10, 40, 42, 11, 53, 25, 50, 47, 33, 2, 3, 1, 4, 57, 6, 8, 7, 13, 12, 14, 9, 21, 22, 51, 52, 41, 27, 54, 34, 36, 35, 32, 31, 37, 24, 0]
5;641;[0, 16, 9, 5, 23, 24, 49, 43, 48, 26, 30, 37, 32, 50, 34, 33, 47, 11, 25, 53, 40, 42, 55, 10, 38, 39, 1, 2, 3, 36, 35, 57, 56, 58, 4, 31, 15, 7, 6, 8, 12, 13, 22, 21, 14, 54, 27, 51, 52, 41, 45, 46, 44, 29, 28, 17, 19, 20, 18, 0]
6;607;[0, 18, 19, 20, 17, 16, 55, 39, 49, 26, 43, 48, 38, 27, 51, 52, 41, 21, 22, 15, 31, 32, 35, 37, 1, 42, 11, 50, 10, 53, 25, 34, 40, 33, 47, 54, 36, 57, 58, 56, 4, 3, 2, 14, 7, 8, 6, 9, 13, 12, 5, 24, 23, 45, 46, 44, 30, 29, 28, 0]
7;487;[0, 54, 51, 52, 41, 27, 16, 17, 19, 20, 18, 22, 21, 14, 12, 13, 8, 6, 9, 58, 56, 57, 31, 32, 4, 1, 2, 3, 5, 23, 24, 45, 46, 44, 26, 43, 48, 38, 49, 39, 55, 10, 50, 47, 34, 42, 40, 11, 53, 25, 33, 28, 29, 30, 37, 35, 36, 15, 7, 0]
8;568;[0, 35, 36, 31, 10, 55, 50, 47, 11, 25, 53, 42, 40, 33, 34, 39, 54, 52, 51, 41, 27, 21, 22, 12, 13, 8, 6, 32, 58, 56, 57, 2, 3, 1, 17, 16, 18, 19, 20, 28, 49, 26, 43, 48, 38, 44, 46, 29, 30, 45, 4, 37, 9, 7, 14, 15, 5, 23, 24, 0]
9;599;[0, 27, 41, 54, 38, 48, 43, 26, 49, 39, 24, 23, 5, 37, 35, 36, 15, 10, 50, 47, 11, 53, 25, 42, 34, 40, 33, 55, 29, 28, 30, 44, 45, 16, 17, 19, 20, 18, 21, 22, 51, 52, 14, 13, 12, 32, 31, 56, 58, 57, 1, 2, 3, 4, 46, 9, 6, 8, 7, 0]
10;601;[0, 35, 56, 58, 6, 8, 22, 21, 7, 13, 36, 37, 14, 15, 54, 52, 51, 41, 27, 3, 16, 17, 19, 20, 18, 28, 29, 30, 38, 43, 48, 26, 49, 39, 55, 47, 50, 10, 53, 25, 33, 11, 42, 40, 34, 5, 9, 32, 31, 23, 24, 57, 4, 12, 2, 1, 44, 46, 45, 0]
11;564;[0, 5, 16, 17, 19, 20, 1, 58, 57, 56, 32, 31, 21, 22, 9, 6, 8, 7, 41, 27, 51, 52, 46, 44, 29, 28, 30, 33, 23, 24, 3, 2, 4, 37, 36, 35, 45, 38, 43, 48, 26, 49, 39, 55, 10, 50, 47, 25, 53, 11, 42, 40, 34, 18, 14, 13, 12, 15, 54, 0]
12;542;[0, 54, 27, 41, 14, 15, 13, 12, 9, 6, 8, 7, 21, 22, 36, 35, 57, 58, 56, 1, 2, 3, 5, 17, 16, 18, 19, 20, 23, 24, 45, 46, 44, 30, 29, 28, 38, 43, 48, 49, 39, 10, 50, 47, 42, 40, 33, 34, 53, 11, 25, 26, 55, 51, 52, 4, 31, 32, 37, 0]
13;539;[0, 24, 23, 44, 46, 45, 56, 58, 35, 36, 37, 32, 31, 9, 13, 12, 7, 6, 8, 22, 21, 14, 51, 52, 41, 38, 3, 1, 2, 4, 5, 19, 20, 18, 16, 17, 30, 29, 28, 48, 43, 49, 26, 10, 50, 47, 33, 42, 40, 11, 53, 25, 34, 39, 55, 57, 15, 54, 27, 0]
14;534;[0, 35, 36, 37, 23, 24, 45, 46, 44, 29, 28, 38, 48, 43, 26, 49, 39, 55, 10, 50, 47, 25, 11, 53, 42, 40, 34, 17, 16, 18, 19, 20, 15, 7, 9, 5, 33, 30, 51, 52, 41, 27, 22, 21, 14, 12, 13, 8, 6, 32, 31, 58, 57, 56, 4, 2, 1, 3, 54, 0]
15;502;[0, 54, 27, 41, 52, 51, 21, 22, 13, 8, 12, 6, 7, 15, 9, 14, 35, 36, 24, 23, 48, 43, 38, 26, 49, 39, 55, 50, 47, 53, 11, 42, 25, 33, 40, 34, 10, 4, 37, 2, 1, 3, 5, 58, 56, 57, 32, 31, 45, 46, 44, 29, 28, 30, 18, 19, 20, 17, 16, 0]
16;515;[0, 51, 52, 41, 27, 22, 21, 24, 23, 38, 43, 55, 39, 49, 26, 48, 10, 50, 47, 53, 25, 42, 40, 34, 33, 11, 5, 54, 9, 35, 36, 37, 6, 8, 7, 14, 12, 13, 15, 32, 31, 58, 57, 56, 4, 2, 1, 3, 44, 46, 45, 29, 28, 30, 16, 17, 18, 20, 19, 0]
17;499;[0, 4, 28, 29, 30, 36, 35, 37, 5, 38, 43, 48, 26, 49, 39, 55, 50, 10, 25, 53, 42, 40, 34, 11, 33, 47, 27, 51, 52, 41, 54, 9, 6, 8, 7, 13, 12, 22, 21, 14, 15, 31, 32, 58, 56, 57, 2, 1, 3, 23, 24, 45, 46, 44, 17, 16, 18, 19, 20, 0]
18;513;[0, 14, 9, 13, 12, 8, 6, 7, 37, 35, 36, 15, 22, 21, 51, 52, 41, 27, 54, 29, 28, 30, 44, 46, 45, 23, 24, 43, 48, 49, 39, 55, 10, 50, 47, 53, 11, 25, 42, 40, 34, 33, 38, 26, 5, 20, 3, 2, 1, 58, 56, 4, 57, 31, 32, 16, 17, 19, 18, 0]
19;515;[0, 16, 17, 18, 19, 20, 54, 15, 31, 37, 35, 36, 29, 30, 28, 44, 45, 46, 23, 24, 38, 26, 49, 55, 10, 50, 47, 53, 11, 25, 42, 40, 34, 33, 43, 48, 39, 41, 27, 51, 52, 4, 5, 2, 1, 3, 57, 56, 58, 32, 7, 6, 8, 9, 12, 13, 14, 22, 21, 0]
20;496;[0, 1, 3, 2, 4, 56, 58, 57, 31, 32, 37, 36, 35, 23, 24, 5, 26, 49, 39, 55, 10, 50, 47, 53, 11, 33, 25, 42, 40, 34, 43, 48, 45, 46, 44, 30, 28, 29, 38, 15, 54, 27, 14, 13, 9, 6, 8, 12, 7, 21, 22, 51, 52, 41, 19, 20, 17, 16, 18, 0]
21;470;[0, 18, 19, 20, 17, 16, 4, 3, 1, 2, 57, 56, 58, 31, 9, 13, 12, 14, 22, 21, 51, 52, 54, 5, 28, 29, 30, 44, 46, 45, 23, 24, 38, 43, 48, 26, 49, 39, 55, 10, 50, 47, 25, 53, 11, 42, 40, 34, 33, 36, 35, 37, 32, 7, 6, 8, 15, 27, 41, 0]
22;445;[0, 37, 35, 36, 38, 48, 43, 26, 49, 39, 55, 10, 50, 47, 53, 11, 42, 40, 34, 25, 33, 45, 24, 23, 52, 51, 41, 27, 54, 22, 21, 14, 15, 12, 13, 7, 8, 6, 9, 32, 57, 56, 58, 31, 4, 3, 1, 2, 5, 16, 17, 19, 18, 20, 46, 44, 30, 29, 28, 0]
23;467;[0, 5, 2, 1, 3, 4, 57, 56, 58, 36, 35, 37, 9, 6, 8, 7, 13, 12, 14, 15, 22, 21, 52, 27, 41, 51, 54, 31, 32, 44, 46, 45, 23, 24, 38, 48, 43, 26, 49, 39, 55, 10, 50, 47, 53, 11, 25, 42, 40, 34, 30, 33, 28, 29, 16, 17, 20, 19, 18, 0]
24;479;[0, 38, 43, 48, 26, 49, 39, 55, 10, 50, 47, 53, 11, 42, 40, 34, 25, 33, 28, 29, 30, 44, 46, 45, 23, 24, 41, 27, 51, 52, 4, 2, 3, 1, 36, 35, 57, 56, 58, 32, 31, 14, 5, 37, 13, 12, 7, 8, 6, 9, 15, 22, 21, 54, 16, 17, 20, 19, 18, 0]
25;478;[0, 37, 35, 36, 57, 56, 58, 3, 2, 4, 32, 31, 5, 1, 19, 20, 18, 23, 24, 45, 46, 44, 29, 30, 28, 38, 43, 48, 49, 26, 39, 55, 10, 50, 47, 53, 11, 25, 34, 33, 40, 42, 16, 17, 14, 15, 9, 6, 8, 7, 12, 13, 22, 21, 27, 51, 52, 41, 54, 0]
26;443;[0, 29, 30, 28, 44, 46, 45, 23, 24, 38, 43, 48, 26, 49, 39, 55, 10, 50, 47, 53, 11, 42, 40, 34, 25, 33, 15, 5, 1, 2, 3, 4, 57, 56, 58, 31, 32, 35, 36, 37, 9, 6, 8, 7, 12, 13, 14, 22, 21, 27, 51, 52, 41, 54, 16, 17, 19, 20, 18, 0]
27;463;[0, 23, 24, 30, 29, 28, 39, 55, 10, 50, 47, 53, 11, 42, 40, 34, 25, 33, 46, 44, 45, 38, 43, 48, 26, 49, 51, 52, 41, 54, 27, 15, 14, 22, 21, 7, 8, 6, 9, 13, 12, 4, 58, 56, 57, 32, 31, 35, 36, 37, 2, 1, 3, 5, 18, 19, 20, 17, 16, 0]
28;455;[0, 9, 6, 8, 7, 13, 12, 14, 15, 31, 32, 36, 35, 57, 58, 56, 38, 43, 48, 26, 49, 39, 55, 10, 50, 47, 53, 11, 42, 40, 34, 25, 33, 3, 4, 2, 1, 5, 37, 21, 22, 51, 52, 41, 27, 54, 23, 24, 45, 46, 44, 29, 30, 28, 19, 20, 18, 17, 16, 0]
29;454;[0, 15, 35, 36, 32, 31, 9, 6, 8, 7, 12, 13, 14, 21, 22, 51, 52, 41, 27, 54, 23, 24, 38, 43, 48, 26, 49, 39, 55, 10, 50, 47, 53, 25, 11, 42, 40, 34, 33, 18, 19, 20, 17, 16, 2, 1, 56, 58, 57, 4, 3, 5, 37, 28, 29, 30, 44, 46, 45, 0]
30;430;[0, 9, 37, 4, 2, 1, 3, 5, 38, 43, 48, 26, 49, 39, 55, 10, 50, 47, 53, 25, 33, 11, 42, 40, 34, 17, 16, 18, 19, 20, 28, 29, 30, 44, 46, 45, 24, 23, 36, 35, 57, 56, 58, 31, 32, 6, 8, 7, 12, 13, 14, 15, 21, 22, 51, 52, 27, 41, 54, 0]
31;428;[0, 3, 1, 2, 4, 56, 58, 57, 32, 31, 9, 6, 8, 7, 12, 13, 14, 15, 21, 22, 51, 52, 41, 27, 54, 16, 17, 19, 18, 20, 28, 29, 30, 43, 48, 26, 49, 39, 55, 10, 50, 47, 53, 25, 11, 42, 40, 34, 33, 38, 5, 36, 35, 37, 23, 24, 44, 46, 45, 0]
32;428;[0, 23, 24, 5, 1, 2, 4, 58, 56, 57, 32, 31, 6, 8, 7, 13, 12, 14, 15, 22, 21, 51, 52, 41, 27, 54, 9, 37, 36, 35, 3, 38, 45, 46, 44, 29, 28, 30, 43, 48, 26, 49, 39, 55, 10, 50, 47, 53, 11, 25, 42, 40, 34, 33, 19, 20, 18, 17, 16, 0]
33;442;[0, 28, 29, 30, 44, 46, 45, 38, 43, 48, 26, 49, 39, 55, 10, 50, 47, 53, 11, 42, 40, 34, 25, 33, 18, 17, 16, 19, 20, 37, 9, 6, 8, 7, 12, 13, 14, 22, 21, 15, 58, 56, 1, 2, 3, 5, 36, 35, 32, 31, 57, 4, 23, 24, 27, 51, 52, 41, 54, 0]
34;417;[0, 20, 19, 18, 17, 16, 30, 28, 29, 46, 44, 45, 38, 43, 48, 26, 49, 39, 55, 10, 50, 47, 53, 11, 42, 40, 34, 25, 33, 23, 24, 5, 1, 3, 2, 4, 58, 56, 57, 32, 31, 9, 14, 15, 12, 13, 6, 8, 7, 36, 35, 37, 21, 22, 51, 52, 41, 27, 54, 0]
35;438;[0, 9, 6, 8, 7, 13, 12, 14, 27, 51, 52, 41, 54, 22, 21, 15, 23, 24, 5, 3, 1, 2, 4, 58, 56, 57, 32, 31, 37, 36, 35, 33, 34, 42, 40, 11, 25, 53, 47, 50, 10, 55, 39, 49, 26, 48, 43, 38, 45, 46, 44, 30, 28, 29, 16, 17, 19, 20, 18, 0]
36;451;[0, 3, 5, 36, 35, 37, 9, 6, 8, 32, 31, 54, 27, 51, 52, 41, 1, 2, 4, 56, 58, 57, 7, 13, 12, 14, 15, 21, 22, 46, 44, 45, 23, 24, 38, 43, 48, 26, 49, 39, 55, 10, 50, 47, 53, 11, 42, 40, 34, 25, 33, 30, 29, 28, 19, 20, 17, 16, 18, 0]
37;427;[0, 16, 17, 19, 20, 18, 41, 27, 54, 52, 51, 22, 21, 12, 13, 14, 15, 5, 7, 8, 6, 9, 32, 31, 4, 2, 1, 3, 56, 58, 57, 37, 35, 36, 38, 43, 48, 26, 49, 39, 55, 10, 50, 47, 53, 11, 42, 40, 34, 25, 33, 28, 29, 30, 44, 46, 45, 23, 24, 0]
38;426;[0, 15, 9, 6, 8, 7, 12, 13, 14, 22, 21, 27, 51, 52, 41, 54, 32, 31, 5, 37, 35, 36, 57, 56, 58, 4, 2, 1, 3, 23, 24, 38, 43, 48, 26, 49, 39, 55, 10, 50, 47, 53, 11, 42, 40, 34, 25, 33, 30, 29, 28, 46, 44, 45, 19, 20, 17, 16, 18, 0]
39;409;[0, 29, 28, 30, 44, 46, 45, 23, 24, 43, 48, 26, 49, 39, 55, 10, 50, 47, 53, 11, 42, 40, 34, 25, 33, 38, 19, 20, 18, 17, 16, 5, 2, 1, 3, 4, 56, 58, 57, 37, 36, 35, 32, 31, 9, 6, 8, 7, 12, 13, 14, 15, 22, 21, 51, 52, 41, 27, 54, 0]
40;408;[0, 51, 52, 41, 27, 54, 13, 14, 15, 22, 21, 12, 7, 8, 6, 9, 32, 31, 5, 2, 4, 56, 58, 57, 37, 35, 36, 3, 1, 23, 24, 38, 43, 48, 26, 49, 39, 55, 10, 50, 47, 53, 11, 42, 40, 34, 25, 33, 45, 46, 44, 29, 30, 28, 16, 17, 19, 20, 18, 0]
41;427;[0, 23, 24, 38, 43, 48, 26, 49, 39, 55, 10, 50, 47, 25, 53, 11, 42, 40, 34, 33, 30, 29, 28, 44, 46, 45, 5, 1, 2, 4, 56, 57, 32, 31, 58, 3, 37, 35, 36, 20, 19, 18, 17, 16, 9, 6, 8, 7, 12, 13, 14, 15, 21, 22, 51, 52, 41, 27, 54, 0]
42;407;[0, 54, 27, 41, 52, 51, 22, 21, 12, 13, 14, 15, 7, 8, 6, 9, 32, 31, 57, 56, 58, 4, 3, 23, 24, 38, 43, 48, 26, 49, 39, 55, 10, 50, 47, 53, 11, 42, 40, 34, 25, 33, 28, 29, 30, 44, 46, 45, 5, 2, 1, 36, 37, 35, 17, 16, 18, 19, 20, 0]
43;411;[0, 23, 24, 37, 35, 36, 53, 11, 42, 40, 34, 25, 33, 47, 50, 10, 55, 39, 49, 26, 43, 48, 38, 45, 46, 44, 29, 30, 28, 19, 20, 18, 17, 16, 2, 1, 3, 5, 4, 58, 56, 57, 32, 31, 9, 6, 8, 7, 13, 12, 14, 15, 21, 22, 51, 52, 41, 27, 54, 0]
44;412;[0, 15, 51, 52, 41, 27, 54, 22, 21, 12, 13, 14, 7, 8, 6, 9, 32, 31, 5, 2, 1, 3, 4, 56, 57, 58, 35, 36, 37, 23, 24, 38, 43, 48, 26, 49, 39, 55, 10, 50, 47, 53, 11, 42, 40, 34, 25, 33, 28, 29, 30, 44, 46, 45, 17, 16, 18, 19, 20, 0]
45;407;[0, 51, 52, 41, 27, 54, 22, 21, 12, 13, 14, 15, 7, 6, 8, 9, 32, 31, 57, 56, 58, 1, 2, 4, 3, 23, 24, 38, 43, 48, 26, 49, 39, 55, 10, 50, 47, 53, 11, 42, 40, 34, 25, 33, 28, 30, 29, 46, 44, 45, 5, 36, 35, 37, 19, 20, 18, 16, 17, 0]
46;400;[0, 38, 43, 48, 26, 49, 39, 55, 10, 50, 47, 53, 11, 42, 40, 34, 25, 33, 28, 29, 30, 46, 44, 45, 23, 24, 5, 1, 2, 4, 3, 37, 35, 36, 57, 56, 58, 32, 31, 9, 6, 8, 7, 13, 14, 15, 12, 22, 21, 51, 52, 41, 27, 54, 16, 17, 19, 20, 18, 0]
47;401;[0, 18, 16, 17, 19, 20, 28, 29, 30, 46, 44, 40, 34, 25, 53, 11, 42, 33, 47, 50, 10, 55, 39, 49, 26, 48, 43, 38, 45, 23, 24, 5, 1, 2, 4, 3, 56, 58, 57, 32, 31, 37, 36, 35, 9, 6, 8, 7, 12, 13, 14, 15, 22, 21, 51, 52, 41, 27, 54, 0]
48;414;[0, 54, 51, 52, 41, 27, 22, 21, 12, 13, 14, 15, 9, 6, 8, 7, 57, 56, 58, 32, 31, 36, 35, 37, 24, 23, 38, 43, 48, 26, 49, 39, 55, 10, 50, 47, 53, 11, 42, 40, 34, 25, 33, 30, 28, 29, 46, 44, 45, 5, 2, 1, 3, 4, 17, 16, 18, 19, 20, 0]
49;398;[0, 27, 54, 41, 52, 51, 22, 21, 12, 13, 15, 14, 7, 6, 8, 9, 32, 31, 5, 2, 4, 1, 3, 56, 58, 57, 37, 36, 35, 44, 46, 45, 23, 24, 38, 43, 48, 26, 49, 39, 55, 10, 50, 47, 53, 11, 42, 40, 34, 25, 33, 28, 29, 30, 17, 16, 18, 19, 20, 0]
50;416;[0, 18, 19, 20, 28, 29, 30, 17, 16, 53, 11, 42, 40, 34, 25, 33, 47, 50, 10, 55, 39, 49, 26, 48, 38, 43, 44, 46, 45, 23, 24, 5, 2, 1, 3, 4, 56, 57, 32, 31, 58, 35, 36, 37, 9, 6, 8, 7, 12, 13, 14, 15, 22, 21, 51, 52, 41, 27, 54, 0]
51;404;[0, 16, 17, 19, 20, 18, 38, 43, 48, 26, 49, 39, 55, 10, 50, 47, 53, 11, 42, 40, 34, 25, 33, 28, 29, 30, 44, 46, 45, 23, 24, 5, 1, 3, 4, 2, 56, 58, 57, 32, 31, 37, 35, 36, 15, 8, 6, 9, 14, 7, 12, 13, 22, 21, 51, 52, 41, 27, 54, 0]
52;398;[0, 16, 17, 19, 20, 18, 51, 52, 41, 27, 54, 22, 21, 14, 15, 9, 6, 8, 7, 12, 13, 31, 32, 37, 35, 36, 57, 56, 58, 4, 1, 2, 5, 3, 23, 24, 38, 43, 48, 26, 49, 39, 55, 10, 50, 47, 53, 11, 42, 40, 34, 25, 33, 28, 29, 30, 46, 44, 45, 0]
53;395;[0, 51, 52, 41, 27, 54, 22, 21, 14, 15, 12, 13, 7, 8, 6, 9, 57, 56, 58, 31, 32, 37, 36, 35, 3, 2, 1, 5, 4, 46, 44, 45, 23, 24, 38, 43, 48, 26, 49, 39, 55, 10, 50, 47, 53, 11, 42, 40, 34, 25, 33, 28, 29, 30, 17, 16, 18, 19, 20, 0]
54;402;[0, 51, 52, 41, 27, 54, 22, 21, 14, 7, 8, 6, 9, 13, 12, 15, 56, 58, 57, 32, 31, 37, 36, 35, 3, 4, 2, 1, 5, 38, 43, 48, 26, 49, 39, 55, 10, 50, 47, 53, 11, 42, 40, 34, 25, 33, 28, 29, 30, 44, 46, 45, 23, 24, 19, 20, 18, 17, 16, 0]
55;390;[0, 51, 52, 41, 27, 54, 22, 21, 14, 15, 13, 12, 7, 6, 8, 9, 32, 31, 57, 56, 58, 4, 3, 1, 2, 5, 37, 36, 35, 38, 43, 48, 26, 49, 39, 55, 10, 50, 47, 53, 11, 42, 40, 34, 25, 33, 28, 29, 30, 44, 46, 45, 23, 24, 19, 20, 18, 17, 16, 0]
56;399;[0, 18, 17, 19, 20, 16, 30, 44, 46, 45, 23, 24, 38, 43, 48, 26, 49, 39, 55, 10, 50, 47, 53, 11, 42, 40, 34, 25, 33, 28, 29, 37, 36, 35, 57, 56, 58, 1, 3, 2, 4, 5, 32, 31, 9, 6, 8, 7, 12, 13, 14, 15, 21, 22, 51, 52, 41, 27, 54, 0]
57;391;[0, 54, 41, 27, 51, 52, 21, 22, 15, 14, 7, 12, 13, 8, 6, 9, 32, 31, 56, 58, 57, 37, 35, 36, 4, 2, 1, 3, 5, 38, 43, 48, 26, 49, 39, 55, 10, 50, 47, 53, 11, 42, 40, 34, 25, 33, 28, 30, 29, 46, 44, 45, 23, 24, 19, 20, 18, 17, 16, 0]
58;396;[0, 18, 17, 16, 19, 20, 28, 29, 30, 44, 45, 46, 23, 24, 38, 43, 48, 26, 49, 39, 55, 10, 50, 47, 53, 11, 42, 40, 34, 25, 33, 3, 4, 2, 1, 5, 32, 31, 58, 56, 57, 35, 36, 37, 9, 8, 6, 7, 15, 12, 13, 14, 21, 22, 51, 52, 41, 27, 54, 0]
59;399;[0, 19, 20, 18, 17, 16, 30, 28, 29, 46, 44, 45, 23, 24, 38, 43, 48, 26, 49, 39, 55, 10, 50, 47, 53, 11, 42, 40, 34, 25, 33, 37, 36, 35, 57, 56, 58, 4, 2, 1, 3, 5, 32, 31, 9, 6, 8, 7, 12, 13, 14, 15, 22, 21, 51, 52, 41, 27, 54, 0]
60;386;[0, 51, 52, 41, 27, 54, 22, 21, 14, 15, 13, 12, 7, 6, 9, 8, 32, 31, 37, 36, 35, 57, 56, 58, 4, 3, 1, 2, 5, 24, 23, 45, 46, 44, 29, 28, 30, 38, 43, 48, 26, 49, 39, 55, 10, 50, 47, 53, 11, 42, 40, 34, 25, 33, 18, 19, 20, 17, 16, 0]
61;393;[0, 18, 19, 20, 17, 16, 28, 29, 30, 44, 45, 46, 23, 24, 38, 43, 48, 26, 49, 39, 55, 10, 50, 47, 53, 11, 42, 40, 34, 25, 33, 37, 35, 36, 4, 2, 1, 3, 5, 56, 58, 57, 32, 31, 9, 6, 8, 7, 12, 13, 14, 15, 21, 22, 51, 52, 41, 27, 54, 0]
62;391;[0, 51, 52, 41, 27, 54, 22, 21, 14, 15, 9, 13, 12, 7, 6, 8, 32, 31, 58, 56, 57, 35, 36, 37, 4, 3, 2, 1, 5, 38, 43, 48, 26, 49, 39, 55, 10, 50, 47, 53, 11, 42, 40, 34, 25, 33, 28, 29, 30, 44, 46, 45, 23, 24, 19, 20, 18, 17, 16, 0]
63;389;[0, 51, 52, 41, 27, 54, 22, 21, 7, 15, 14, 13, 12, 8, 6, 9, 32, 31, 37, 36, 35, 57, 56, 58, 4, 2, 1, 3, 5, 44, 46, 45, 23, 24, 38, 43, 48, 26, 49, 39, 55, 10, 50, 47, 53, 11, 42, 40, 34, 25, 33, 28, 30, 29, 19, 20, 18, 17, 16, 0]
64;397;[0, 16, 17, 19, 20, 18, 29, 30, 28, 44, 46, 45, 23, 24, 38, 43, 48, 26, 49, 39, 55, 10, 50, 47, 53, 11, 42, 40, 34, 25, 33, 37, 35, 36, 57, 56, 58, 4, 2, 1, 3, 5, 32, 31, 9, 6, 8, 7, 12, 13, 14, 15, 21, 22, 51, 52, 41, 27, 54, 0]
65;392;[0, 18, 16, 17, 19, 20, 28, 29, 30, 44, 46, 45, 23, 24, 38, 43, 48, 26, 49, 39, 55, 10, 50, 47, 53, 11, 42, 40, 34, 25, 33, 37, 36, 35, 57, 56, 58, 4, 2, 1, 3, 5, 32, 31, 9, 6, 8, 7, 12, 13, 14, 15, 22, 21, 51, 52, 41, 27, 54, 0]
66;383;[0, 51, 52, 41, 27, 54, 22, 21, 14, 15, 12, 13, 7, 6, 8, 9, 32, 31, 37, 36, 35, 57, 56, 58, 4, 2, 1, 3, 5, 44, 46, 45, 23, 24, 38, 43, 48, 26, 49, 39, 55, 10, 50, 47, 53, 11, 42, 40, 34, 25, 33, 28, 29, 30, 17, 16, 19, 20, 18, 0]
67;388;[0, 51, 52, 41, 27, 54, 22, 21, 15, 14, 13, 12, 7, 8, 6, 9, 32, 31, 58, 56, 57, 37, 35, 36, 4, 2, 1, 3, 5, 44, 46, 45, 23, 24, 38, 43, 48, 26, 49, 39, 55, 10, 50, 47, 53, 11, 42, 40, 34, 25, 33, 28, 29, 30, 17, 19, 20, 18, 16, 0]
68;384;[0, 51, 52, 41, 27, 54, 22, 21, 15, 14, 13, 12, 7, 8, 6, 9, 32, 31, 58, 56, 57, 37, 35, 36, 4, 2, 1, 3, 5, 44, 46, 45, 23, 24, 38, 43, 48, 26, 49, 39, 55, 10, 50, 47, 53, 11, 42, 40, 34, 25, 33, 28, 29, 30, 17, 16, 19, 20, 18, 0]
69;389;[0, 51, 52, 41, 27, 54, 22, 21, 14, 15, 12, 13, 7, 6, 8, 9, 32, 31, 56, 58, 57, 37, 35, 36, 3, 1, 2, 4, 5, 44, 46, 45, 23, 24, 38, 43, 48, 26, 49, 39, 55, 10, 50, 47, 53, 11, 42, 40, 34, 25, 33, 28, 29, 30, 20, 18, 17, 16, 19, 0]
70;382;[0, 51, 52, 41, 27, 54, 22, 21, 14, 15, 13, 12, 7, 8, 6, 9, 32, 31, 58, 56, 57, 37, 35, 36, 4, 2, 1, 3, 5, 38, 43, 48, 26, 49, 39, 55, 10, 50, 47, 53, 11, 42, 40, 34, 25, 33, 28, 29, 30, 44, 46, 45, 23, 24, 19, 20, 18, 17, 16, 0]
71;388;[0, 51, 52, 41, 27, 54, 22, 21, 14, 7, 12, 13, 15, 8, 6, 9, 32, 31, 37, 36, 35, 57, 56, 58, 4, 2, 1, 3, 5, 44, 46, 45, 23, 24, 38, 43, 48, 26, 49, 39, 55, 10, 50, 47, 53, 11, 42, 40, 34, 25, 33, 30, 29, 28, 19, 20, 18, 17, 16, 0]
72;392;[0, 51, 52, 41, 27, 54, 22, 21, 14, 7, 12, 13, 15, 8, 6, 9, 32, 31, 37, 36, 35, 57, 56, 58, 4, 2, 1, 3, 5, 38, 43, 48, 26, 49, 39, 55, 10, 50, 47, 53, 11, 42, 40, 34, 25, 33, 24, 23, 45, 46, 44, 30, 28, 29, 16, 17, 19, 20, 18, 0]
73;386;[0, 51, 52, 41, 27, 54, 22, 21, 7, 12, 13, 14, 15, 8, 6, 9, 32, 31, 37, 36, 35, 57, 56, 58, 4, 2, 1, 3, 5, 46, 44, 45, 23, 24, 38, 43, 48, 26, 49, 39, 55, 10, 50, 47, 53, 11, 42, 40, 34, 25, 33, 28, 29, 30, 17, 16, 19, 20, 18, 0]
74;386;[0, 51, 52, 41, 27, 54, 22, 21, 14, 15, 12, 13, 7, 8, 6, 9, 32, 31, 56, 58, 57, 37, 35, 36, 4, 2, 1, 3, 5, 44, 46, 45, 23, 24, 38, 43, 48, 26, 49, 39, 55, 10, 50, 47, 53, 11, 42, 40, 34, 25, 33, 30, 29, 28, 19, 20, 18, 17, 16, 0]
75;390;[0, 51, 52, 41, 27, 54, 22, 21, 14, 15, 9, 13, 12, 7, 6, 8, 32, 31, 37, 36, 35, 57, 56, 58, 4, 2, 1, 3, 5, 44, 46, 45, 23, 24, 38, 43, 48, 26, 49, 39, 55, 10, 50, 47, 53, 11, 42, 40, 34, 25, 33, 28, 29, 30, 17, 16, 19, 20, 18, 0]
76;384;[0, 51, 52, 41, 27, 54, 22, 21, 14, 15, 13, 12, 7, 8, 6, 9, 32, 31, 37, 36, 35, 57, 56, 58, 4, 2, 1, 3, 5, 44, 45, 46, 23, 24, 38, 43, 48, 26, 49, 39, 55, 10, 50, 47, 53, 11, 42, 40, 34, 25, 33, 28, 29, 30, 17, 16, 19, 20, 18, 0]
77;389;[0, 51, 52, 41, 27, 54, 22, 21, 14, 15, 13, 12, 7, 8, 6, 9, 32, 31, 56, 58, 4, 2, 1, 3, 5, 57, 37, 36, 35, 38, 43, 48, 26, 49, 39, 55, 10, 50, 47, 53, 11, 42, 40, 34, 25, 33, 28, 29, 30, 44, 46, 45, 23, 24, 19, 20, 18, 16, 17, 0]
78;383;[0, 18, 19, 20, 17, 16, 38, 43, 48, 26, 49, 39, 55, 10, 50, 47, 53, 11, 42, 40, 34, 25, 33, 28, 29, 30, 44, 46, 45, 23, 24, 5, 2, 1, 3, 4, 56, 58, 57, 32, 31, 37, 36, 35, 9, 6, 8, 7, 12, 13, 14, 15, 21, 22, 51, 52, 41, 27, 54, 0]
79;380;[0, 51, 52, 41, 27, 54, 22, 21, 14, 15, 12, 13, 7, 6, 8, 9, 32, 31, 37, 36, 35, 57, 56, 58, 4, 2, 1, 3, 5, 38, 43, 48, 26, 49, 39, 55, 10, 50, 47, 53, 11, 42, 40, 34, 25, 33, 28, 29, 30, 44, 46, 45, 23, 24, 19, 20, 17, 16, 18, 0]
80;383;[0, 51, 52, 41, 27, 54, 22, 21, 14, 15, 12, 13, 7, 8, 6, 9, 32, 31, 56, 57, 35, 36, 37, 58, 4, 2, 1, 3, 5, 44, 46, 45, 23, 24, 38, 43, 48, 26, 49, 39, 55, 10, 50, 47, 53, 11, 42, 40, 34, 25, 33, 28, 29, 30, 17, 16, 19, 20, 18, 0]
81;384;[0, 51, 52, 41, 27, 54, 22, 21, 14, 15, 12, 13, 7, 8, 6, 9, 32, 31, 37, 36, 35, 57, 56, 58, 4, 2, 1, 3, 5, 44, 46, 45, 23, 24, 38, 43, 48, 26, 49, 39, 55, 10, 50, 47, 53, 11, 42, 40, 34, 25, 33, 28, 29, 30, 17, 16, 18, 19, 20, 0]
82;380;[0, 18, 19, 20, 17, 16, 23, 24, 38, 43, 48, 26, 49, 39, 55, 10, 50, 47, 53, 11, 42, 40, 34, 25, 33, 28, 29, 30, 44, 46, 45, 5, 2, 1, 3, 4, 56, 58, 57, 37, 36, 35, 32, 31, 9, 6, 8, 7, 12, 13, 14, 15, 21, 22, 51, 52, 41, 27, 54, 0]
83;385;[0, 51, 52, 41, 27, 54, 22, 21, 14, 15, 12, 13, 6, 7, 8, 9, 32, 31, 37, 36, 35, 57, 56, 58, 4, 2, 1, 3, 5, 44, 46, 45, 23, 24, 38, 43, 48, 26, 49, 39, 55, 10, 50, 47, 53, 11, 42, 40, 34, 25, 33, 28, 29, 30, 17, 16, 19, 20, 18, 0]
84;383;[0, 51, 52, 41, 27, 54, 22, 21, 14, 15, 13, 12, 7, 8, 6, 9, 32, 31, 58, 56, 57, 37, 35, 36, 4, 2, 1, 3, 5, 44, 46, 45, 23, 24, 38, 43, 48, 26, 49, 39, 55, 10, 50, 47, 53, 11, 42, 40, 34, 25, 33, 28, 29, 30, 17, 16, 19, 20, 18, 0]
85;387;[0, 51, 52, 41, 27, 54, 22, 21, 14, 15, 13, 12, 7, 8, 6, 9, 32, 31, 56, 58, 57, 37, 36, 35, 1, 4, 2, 3, 5, 44, 46, 45, 23, 24, 38, 43, 48, 26, 49, 39, 55, 10, 50, 47, 53, 11, 42, 40, 34, 25, 33, 28, 29, 30, 17, 16, 19, 20, 18, 0]
86;384;[0, 18, 17, 16, 19, 20, 23, 24, 38, 43, 48, 26, 49, 39, 55, 10, 50, 47, 53, 11, 42, 40, 34, 25, 33, 28, 29, 30, 44, 46, 45, 5, 2, 1, 3, 4, 56, 58, 57, 37, 35, 36, 32, 31, 9, 6, 8, 7, 12, 13, 14, 15, 22, 21, 51, 52, 41, 27, 54, 0]
87;379;[0, 18, 19, 20, 17, 16, 23, 24, 38, 43, 48, 26, 49, 39, 55, 10, 50, 47, 53, 11, 42, 40, 34, 25, 33, 28, 29, 30, 44, 46, 45, 5, 3, 1, 2, 4, 56, 58, 57, 37, 35, 36, 32, 31, 9, 6, 8, 7, 12, 13, 14, 15, 21, 22, 51, 52, 41, 27, 54, 0]
88;384;[0, 51, 52, 41, 27, 54, 22, 21, 14, 15, 13, 12, 7, 8, 6, 9, 32, 31, 56, 58, 57, 37, 36, 35, 1, 3, 4, 2, 5, 46, 44, 45, 23, 24, 38, 43, 48, 26, 49, 39, 55, 10, 50, 47, 53, 11, 42, 40, 34, 25, 33, 28, 29, 30, 16, 17, 19, 20, 18, 0]
89;387;[0, 20, 18, 17, 16, 19, 23, 24, 38, 43, 48, 26, 49, 39, 55, 10, 50, 47, 53, 11, 42, 40, 34, 25, 33, 28, 29, 30, 44, 46, 45, 5, 2, 1, 3, 4, 56, 58, 57, 37, 36, 35, 32, 31, 9, 6, 8, 7, 12, 13, 14, 15, 21, 22, 51, 52, 41, 27, 54, 0]
90;383;[0, 51, 52, 41, 27, 54, 22, 21, 14, 15, 13, 12, 7, 8, 6, 9, 32, 31, 37, 36, 35, 57, 56, 58, 4, 2, 1, 3, 5, 44, 46, 45, 23, 24, 38, 43, 48, 26, 49, 39, 55, 10, 50, 47, 53, 11, 42, 40, 34, 25, 33, 28, 29, 30, 20, 18, 17, 16, 19, 0]
91;380;[0, 51, 52, 41, 27, 54, 22, 21, 14, 15, 13, 12, 7, 8, 6, 9, 32, 31, 37, 36, 35, 57, 56, 58, 4, 2, 1, 3, 5, 46, 44, 45, 23, 24, 38, 43, 48, 26, 49, 39, 55, 10, 50, 47, 53, 11, 42, 40, 34, 25, 33, 28, 29, 30, 17, 16, 19, 20, 18, 0]
92;384;[0, 18, 19, 20, 17, 16, 23, 24, 38, 43, 48, 26, 49, 39, 55, 10, 50, 47, 53, 11, 42, 40, 34, 25, 33, 28, 29, 30, 44, 46, 45, 5, 4, 2, 1, 3, 37, 36, 35, 56, 58, 57, 32, 31, 9, 6, 8, 7, 12, 13, 14, 15, 21, 22, 51, 52, 41, 27, 54, 0]
93;381;[0, 18, 17, 16, 19, 20, 38, 43, 48, 26, 49, 39, 55, 10, 50, 47, 53, 11, 42, 40, 34, 25, 33, 28, 29, 30, 44, 46, 45, 23, 24, 5, 3, 1, 2, 4, 56, 58, 57, 37, 36, 35, 32, 31, 9, 6, 8, 7, 12, 13, 14, 15, 21, 22, 51, 52, 41, 27, 54, 0]
94;382;[0, 51, 52, 41, 27, 54, 22, 21, 14, 15, 13, 12, 7, 6, 8, 9, 32, 31, 56, 58, 57, 37, 35, 36, 4, 2, 1, 3, 5, 38, 43, 48, 26, 49, 39, 55, 10, 50, 47, 53, 11, 42, 40, 34, 25, 33, 28, 29, 30, 44, 46, 45, 23, 24, 17, 16, 19, 20, 18, 0]
95;381;[0, 18, 17, 16, 19, 20, 38, 43, 48, 26, 49, 39, 55, 10, 50, 47, 53, 11, 42, 40, 34, 25, 33, 28, 29, 30, 44, 46, 45, 23, 24, 5, 2, 1, 3, 4, 56, 58, 57, 37, 36, 35, 32, 31, 9, 6, 8, 7, 12, 13, 14, 15, 21, 22, 51, 52, 41, 27, 54, 0]
96;381;[0, 51, 52, 41, 27, 54, 22, 21, 14, 15, 13, 12, 7, 8, 6, 9, 32, 31, 37, 36, 35, 57, 56, 58, 4, 2, 1, 3, 5, 44, 46, 45, 23, 24, 38, 43, 48, 26, 49, 39, 55, 10, 50, 47, 53, 11, 42, 40, 34, 25, 33, 28, 29, 30, 17, 16, 19, 20, 18, 0]
97;379;[0, 18, 19, 20, 17, 16, 38, 43, 48, 26, 49, 39, 55, 10, 50, 47, 53, 11, 42, 40, 34, 25, 33, 28, 29, 30, 44, 46, 45, 23, 24, 5, 2, 1, 3, 4, 56, 58, 57, 37, 36, 35, 32, 31, 9, 6, 8, 7, 12, 13, 14, 15, 21, 22, 51, 52, 41, 27, 54, 0]
98;383;[0, 51, 52, 41, 27, 54, 22, 21, 14, 15, 13, 12, 7, 8, 6, 9, 32, 31, 37, 36, 35, 57, 56, 58, 4, 2, 1, 3, 5, 44, 46, 45, 23, 24, 38, 43, 48, 26, 49, 39, 55, 10, 50, 47, 53, 11, 42, 40, 34, 25, 33, 28, 29, 30, 20, 18, 17, 16, 19, 0]
99;380;[0, 51, 52, 41, 27, 54, 22, 21, 14, 15, 12, 13, 7, 8, 6, 9, 32, 31, 37, 36, 35, 57, 56, 58, 4, 2, 1, 3, 5, 38, 43, 48, 26, 49, 39, 55, 10, 50, 47, 53, 11, 42, 40, 34, 25, 33, 28, 29, 30, 44, 46, 45, 23, 24, 17, 16, 19, 20, 18, 0]
100;380;[0, 18, 19, 20, 17, 16, 23, 24, 38, 43, 48, 26, 49, 39, 55, 10, 50, 47, 53, 11, 42, 40, 34, 25, 33, 28, 29, 30, 44, 46, 45, 5, 3, 1, 2, 4, 56, 58, 57, 37, 36, 35, 32, 31, 9, 6, 8, 7, 12, 13, 14, 15, 21, 22, 51, 52, 41, 27, 54, 0]
101;381;[0, 18, 19, 20, 17, 16, 23, 24, 38, 43, 48, 26, 49, 39, 55, 10, 50, 47, 53, 11, 42, 40, 34, 25, 33, 28, 29, 30, 44, 46, 45, 5, 2, 1, 3, 4, 58, 56, 57, 37, 36, 35, 32, 31, 9, 8, 6, 7, 12, 13, 14, 15, 21, 22, 51, 52, 41, 27, 54, 0]
102;379;[0, 18, 19, 20, 17, 16, 38, 43, 48, 26, 49, 39, 55, 10, 50, 47, 53, 11, 42, 40, 34, 25, 33, 28, 29, 30, 44, 46, 45, 23, 24, 5, 2, 1, 3, 4, 56, 58, 57, 37, 36, 35, 32, 31, 9, 6, 8, 7, 12, 13, 14, 15, 21, 22, 51, 52, 41, 27, 54, 0]
103;381;[0, 51, 52, 41, 27, 54, 22, 21, 14, 15, 13, 12, 7, 8, 6, 9, 32, 31, 37, 36, 35, 57, 56, 58, 4, 2, 1, 3, 5, 44, 46, 45, 23, 24, 38, 43, 48, 26, 49, 39, 55, 10, 50, 47, 53, 11, 42, 40, 34, 25, 33, 28, 29, 30, 17, 16, 19, 20, 18, 0]
104;379;[0, 18, 19, 20, 17, 16, 38, 43, 48, 26, 49, 39, 55, 10, 50, 47, 53, 11, 42, 40, 34, 25, 33, 28, 29, 30, 44, 46, 45, 23, 24, 5, 2, 1, 3, 4, 56, 58, 57, 37, 36, 35, 32, 31, 9, 6, 8, 7, 12, 13, 14, 15, 21, 22, 51, 52, 41, 27, 54, 0]
105;382;[0, 18, 19, 20, 17, 16, 23, 24, 38, 43, 48, 26, 49, 39, 55, 10, 50, 47, 53, 11, 42, 40, 34, 25, 33, 28, 29, 30, 44, 46, 45, 3, 5, 2, 1, 4, 56, 58, 57, 37, 36, 35, 32, 31, 9, 6, 8, 7, 12, 13, 14, 15, 21, 22, 51, 52, 41, 27, 54, 0]
106;379;[0, 18, 19, 20, 17, 16, 38, 43, 48, 26, 49, 39, 55, 10, 50, 47, 53, 11, 42, 40, 34, 25, 33, 28, 29, 30, 44, 46, 45, 23, 24, 5, 2, 1, 3, 4, 56, 58, 57, 37, 36, 35, 32, 31, 9, 6, 8, 7, 12, 13, 14, 15, 21, 22, 51, 52, 41, 27, 54, 0]
107;380;[0, 18, 19, 20, 17, 16, 23, 24, 38, 43, 48, 26, 49, 39, 55, 10, 50, 47, 53, 11, 42, 40, 34, 25, 33, 28, 29, 30, 44, 46, 45, 5, 2, 1, 3, 4, 56, 58, 57, 37, 36, 35, 32, 31, 9, 6, 8, 7, 12, 13, 14, 15, 21, 22, 51, 52, 41, 27, 54, 0]
108;380;[0, 51, 52, 41, 27, 54, 22, 21, 14, 15, 12, 13, 7, 8, 6, 9, 32, 31, 37, 36, 35, 57, 56, 58, 4, 2, 1, 3, 5, 38, 43, 48, 26, 49, 39, 55, 10, 50, 47, 53, 11, 42, 40, 34, 25, 33, 28, 29, 30, 44, 46, 45, 23, 24, 17, 16, 19, 20, 18, 0]
109;379;[0, 18, 19, 20, 17, 16, 38, 43, 48, 26, 49, 39, 55, 10, 50, 47, 53, 11, 42, 40, 34, 25, 33, 28, 29, 30, 44, 46, 45, 23, 24, 5, 3, 1, 2, 4, 56, 58, 57, 37, 36, 35, 32, 31, 9, 6, 8, 7, 12, 13, 14, 15, 21, 22, 51, 52, 41, 27, 54, 0]
110;380;[0, 18, 19, 20, 17, 16, 23, 24, 38, 43, 48, 26, 49, 39, 55, 10, 50, 47, 53, 11, 42, 40, 34, 25, 33, 28, 29, 30, 44, 46, 45, 5, 2, 1, 3, 4, 56, 58, 57, 37, 36, 35, 32, 31, 9, 6, 8, 7, 12, 13, 14, 15, 21, 22, 51, 52, 41, 27, 54, 0]
111;379;[0, 18, 19, 20, 17, 16, 38, 43, 48, 26, 49, 39, 55, 10, 50, 47, 53, 11, 42, 40, 34, 25, 33, 28, 29, 30, 44, 46, 45, 23, 24, 5, 2, 1, 3, 4, 56, 58, 57, 37, 36, 35, 32, 31, 9, 6, 8, 7, 12, 13, 14, 15, 21, 22, 51, 52, 41, 27, 54, 0]
112;379;[0, 18, 19, 20, 17, 16, 38, 43, 48, 26, 49, 39, 55, 10, 50, 47, 53, 11, 42, 40, 34, 25, 33, 28, 29, 30, 44, 46, 45, 23, 24, 5, 2, 1, 3, 4, 56, 58, 57, 37, 36, 35, 32, 31, 9, 6, 8, 7, 12, 13, 14, 15, 21, 22, 51, 52, 41, 27, 54, 0]
113;379;[0, 18, 19, 20, 17, 16, 38, 43, 48, 26, 49, 39, 55, 10, 50, 47, 53, 11, 42, 40, 34, 25, 33, 28, 29, 30, 44, 46, 45, 23, 24, 5, 2, 1, 3, 4, 56, 58, 57, 37, 36, 35, 32, 31, 9, 6, 8, 7, 12, 13, 14, 15, 21, 22, 51, 52, 41, 27, 54, 0]
114;379;[0, 18, 19, 20, 17, 16, 38, 43, 48, 26, 49, 39, 55, 10, 50, 47, 53, 11, 42, 40, 34, 25, 33, 28, 29, 30, 44, 46, 45, 23, 24, 5, 3, 1, 2, 4, 56, 58, 57, 37, 36, 35, 32, 31, 9, 6, 8, 7, 12, 13, 14, 15, 21, 22, 51, 52, 41, 27, 54, 0]
115;379;[0, 18, 19, 20, 17, 16, 38, 43, 48, 26, 49, 39, 55, 10, 50, 47, 53, 11, 42, 40, 34, 25, 33, 28, 29, 30, 44, 46, 45, 23, 24, 5, 2, 1, 3, 4, 56, 58, 57, 37, 36, 35, 32, 31, 9, 6, 8, 7, 12, 13, 14, 15, 21, 22, 51, 52, 41, 27, 54, 0]
116;379;[0, 18, 19, 20, 17, 16, 38, 43, 48, 26, 49, 39, 55, 10, 50, 47, 53, 11, 42, 40, 34, 25, 33, 28, 29, 30, 44, 46, 45, 23, 24, 5, 2, 1, 3, 4, 56, 58, 57, 37, 36, 35, 32, 31, 9, 6, 8, 7, 12, 13, 14, 15, 21, 22, 51, 52, 41, 27, 54, 0]
117;379;[0, 18, 19, 20, 17, 16, 38, 43, 48, 26, 49, 39, 55, 10, 50, 47, 53, 11, 42, 40, 34, 25, 33, 28, 29, 30, 44, 46, 45, 23, 24, 5, 2, 1, 3, 4, 56, 58, 57, 37, 36, 35, 32, 31, 9, 6, 8, 7, 12, 13, 14, 15, 21, 22, 51, 52, 41, 27, 54, 0]
118;379;[0, 18, 19, 20, 17, 16, 38, 43, 48, 26, 49, 39, 55, 10, 50, 47, 53, 11, 42, 40, 34, 25, 33, 28, 29, 30, 44, 46, 45, 23, 24, 5, 2, 1, 3, 4, 56, 58, 57, 37, 36, 35, 32, 31, 9, 6, 8, 7, 12, 13, 14, 15, 21, 22, 51, 52, 41, 27, 54, 0]
119;378;[0, 18, 19, 20, 17, 16, 38, 43, 48, 26, 49, 39, 55, 10, 50, 47, 53, 11, 42, 40, 34, 25, 33, 28, 29, 30, 44, 46, 45, 23, 24, 5, 2, 1, 3, 4, 56, 58, 57, 37, 35, 36, 32, 31, 9, 6, 8, 7, 12, 13, 14, 15, 21, 22, 51, 52, 41, 27, 54, 0]
120;379;[0, 18, 19, 20, 17, 16, 38, 43, 48, 26, 49, 39, 55, 10, 50, 47, 53, 11, 42, 40, 34, 25, 33, 28, 29, 30, 44, 46, 45, 23, 24, 5, 2, 1, 3, 4, 56, 58, 57, 37, 36, 35, 32, 31, 9, 6, 8, 7, 12, 13, 14, 15, 21, 22, 51, 52, 41, 27, 54, 0]
121;379;[0, 18, 19, 20, 17, 16, 38, 43, 48, 26, 49, 39, 55, 10, 50, 47, 53, 11, 42, 40, 34, 25, 33, 28, 29, 30, 44, 46, 45, 23, 24, 5, 2, 1, 3, 4, 56, 58, 57, 37, 36, 35, 32, 31, 9, 6, 8, 7, 12, 13, 14, 15, 21, 22, 51, 52, 41, 27, 54, 0]
122;379;[0, 18, 19, 20, 17, 16, 38, 43, 48, 26, 49, 39, 55, 10, 50, 47, 53, 11, 42, 40, 34, 25, 33, 28, 29, 30, 44, 46, 45, 23, 24, 5, 2, 1, 3, 4, 56, 58, 57, 37, 36, 35, 32, 31, 9, 6, 8, 7, 12, 13, 14, 15, 21, 22, 51, 52, 41, 27, 54, 0]
123;379;[0, 18, 19, 20, 17, 16, 38, 43, 48, 26, 49, 39, 55, 10, 50, 47, 53, 11, 42, 40, 34, 25, 33, 28, 29, 30, 44, 46, 45, 23, 24, 5, 3, 1, 2, 4, 56, 58, 57, 37, 36, 35, 32, 31, 9, 6, 8, 7, 12, 13, 14, 15, 21, 22, 51, 52, 41, 27, 54, 0]
124;379;[0, 18, 19, 20, 17, 16, 38, 43, 48, 26, 49, 39, 55, 10, 50, 47, 53, 11, 42, 40, 34, 25, 33, 28, 29, 30, 44, 46, 45, 23, 24, 5, 2, 1, 3, 4, 56, 58, 57, 37, 36, 35, 32, 31, 9, 6, 8, 7, 12, 13, 14, 15, 21, 22, 51, 52, 41, 27, 54, 0]
125;379;[0, 18, 19, 20, 17, 16, 38, 43, 48, 26, 49, 39, 55, 10, 50, 47, 53, 11, 42, 40, 34, 25, 33, 28, 29, 30, 44, 46, 45, 23, 24, 5, 2, 1, 3, 4, 56, 58, 57, 37, 36, 35, 32, 31, 9, 6, 8, 7, 12, 13, 14, 15, 21, 22, 51, 52, 41, 27, 54, 0]
126;378;[0, 51, 52, 41, 27, 54, 22, 21, 14, 15, 13, 12, 7, 8, 6, 9, 32, 31, 37, 36, 35, 57, 56, 58, 4, 2, 1, 3, 5, 38, 43, 48, 26, 49, 39, 55, 10, 50, 47, 53, 11, 42, 40, 34, 25, 33, 28, 29, 30, 44, 46, 45, 23, 24, 19, 20, 17, 16, 18, 0]
127;379;[0, 18, 19, 20, 17, 16, 38, 43, 48, 26, 49, 39, 55, 10, 50, 47, 53, 11, 42, 40, 34, 25, 33, 28, 29, 30, 44, 46, 45, 23, 24, 5, 2, 1, 3, 4, 56, 58, 57, 37, 36, 35, 32, 31, 9, 6, 8, 7, 12, 13, 14, 15, 21, 22, 51, 52, 41, 27, 54, 0]
128;378;[0, 51, 52, 41, 27, 54, 22, 21, 14, 15, 13, 12, 7, 8, 6, 9, 32, 31, 37, 36, 35, 57, 56, 58, 4, 2, 1, 3, 5, 38, 43, 48, 26, 49, 39, 55, 10, 50, 47, 53, 11, 42, 40, 34, 25, 33, 28, 29, 30, 44, 46, 45, 23, 24, 19, 20, 17, 16, 18, 0]
129;378;[0, 51, 52, 41, 27, 54, 22, 21, 14, 15, 13, 12, 7, 8, 6, 9, 32, 31, 37, 36, 35, 57, 56, 58, 4, 2, 1, 3, 5, 38, 43, 48, 26, 49, 39, 55, 10, 50, 47, 53, 11, 42, 40, 34, 25, 33, 28, 29, 30, 44, 46, 45, 23, 24, 19, 20, 17, 16, 18, 0]
130;378;[0, 51, 52, 41, 27, 54, 22, 21, 14, 15, 13, 12, 7, 8, 6, 9, 32, 31, 37, 36, 35, 57, 56, 58, 4, 2, 1, 3, 5, 38, 43, 48, 26, 49, 39, 55, 10, 50, 47, 53, 11, 42, 40, 34, 25, 33, 28, 29, 30, 44, 46, 45, 23, 24, 19, 20, 17, 16, 18, 0]
131;378;[0, 51, 52, 41, 27, 54, 22, 21, 14, 15, 13, 12, 7, 8, 6, 9, 32, 31, 37, 36, 35, 57, 56, 58, 4, 2, 1, 3, 5, 38, 43, 48, 26, 49, 39, 55, 10, 50, 47, 53, 11, 42, 40, 34, 25, 33, 28, 29, 30, 44, 46, 45, 23, 24, 19, 20, 17, 16, 18, 0]
132;378;[0, 51, 52, 41, 27, 54, 22, 21, 14, 15, 13, 12, 7, 8, 6, 9, 32, 31, 37, 36, 35, 57, 56, 58, 4, 2, 1, 3, 5, 38, 43, 48, 26, 49, 39, 55, 10, 50, 47, 53, 11, 42, 40, 34, 25, 33, 28, 29, 30, 44, 46, 45, 23, 24, 19, 20, 17, 16, 18, 0]
133;378;[0, 51, 52, 41, 27, 54, 22, 21, 14, 15, 13, 12, 7, 8, 6, 9, 32, 31, 37, 36, 35, 57, 56, 58, 4, 2, 1, 3, 5, 38, 43, 48, 26, 49, 39, 55, 10, 50, 47, 53, 11, 42, 40, 34, 25, 33, 28, 29, 30, 44, 46, 45, 23, 24, 19, 20, 17, 16, 18, 0]
134;378;[0, 51, 52, 41, 27, 54, 22, 21, 14, 15, 13, 12, 7, 8, 6, 9, 32, 31, 37, 36, 35, 57, 56, 58, 4, 2, 1, 3, 5, 38, 43, 48, 26, 49, 39, 55, 10, 50, 47, 53, 11, 42, 40, 34, 25, 33, 28, 29, 30, 44, 46, 45, 23, 24, 19, 20, 17, 16, 18, 0]
135;378;[0, 51, 52, 41, 27, 54, 22, 21, 14, 15, 13, 12, 7, 8, 6, 9, 32, 31, 37, 36, 35, 57, 56, 58, 4, 2, 1, 3, 5, 38, 43, 48, 26, 49, 39, 55, 10, 50, 47, 53, 11, 42, 40, 34, 25, 33, 28, 29, 30, 44, 46, 45, 23, 24, 19, 20, 17, 16, 18, 0]
136;378;[0, 51, 52, 41, 27, 54, 22, 21, 14, 15, 13, 12, 7, 8, 6, 9, 32, 31, 37, 36, 35, 57, 56, 58, 4, 2, 1, 3, 5, 38, 43, 48, 26, 49, 39, 55, 10, 50, 47, 53, 11, 42, 40, 34, 25, 33, 28, 29, 30, 44, 46, 45, 23, 24, 19, 20, 17, 16, 18, 0]
137;378;[0, 51, 52, 41, 27, 54, 22, 21, 14, 15, 13, 12, 7, 8, 6, 9, 32, 31, 37, 36, 35, 57, 56, 58, 4, 2, 1, 3, 5, 38, 43, 48, 26, 49, 39, 55, 10, 50, 47, 53, 11, 42, 40, 34, 25, 33, 28, 29, 30, 44, 46, 45, 23, 24, 19, 20, 17, 16, 18, 0]
138;378;[0, 51, 52, 41, 27, 54, 22, 21, 14, 15, 13, 12, 7, 8, 6, 9, 32, 31, 37, 36, 35, 57, 56, 58, 4, 2, 1, 3, 5, 38, 43, 48, 26, 49, 39, 55, 10, 50, 47, 53, 11, 42, 40, 34, 25, 33, 28, 29, 30, 44, 46, 45, 23, 24, 19, 20, 17, 16, 18, 0]
139;378;[0, 51, 52, 41, 27, 54, 22, 21, 14, 15, 13, 12, 7, 8, 6, 9, 32, 31, 37, 36, 35, 57, 56, 58, 4, 2, 1, 3, 5, 38, 43, 48, 26, 49, 39, 55, 10, 50, 47, 53, 11, 42, 40, 34, 25, 33, 28, 29, 30, 44, 46, 45, 23, 24, 19, 20, 17, 16, 18, 0]
140;378;[0, 51, 52, 41, 27, 54, 22, 21, 14, 15, 13, 12, 7, 8, 6, 9, 32, 31, 37, 36, 35, 57, 56, 58, 4, 2, 1, 3, 5, 38, 43, 48, 26, 49, 39, 55, 10, 50, 47, 53, 11, 42, 40, 34, 25, 33, 28, 29, 30, 44, 46, 45, 23, 24, 19, 20, 17, 16, 18, 0]
141;378;[0, 51, 52, 41, 27, 54, 22, 21, 14, 15, 13, 12, 7, 8, 6, 9, 32, 31, 37, 36, 35, 57, 56, 58, 4, 2, 1, 3, 5, 38, 43, 48, 26, 49, 39, 55, 10, 50, 47, 53, 11, 42, 40, 34, 25, 33, 28, 29, 30, 44, 46, 45, 23, 24, 19, 20, 17, 16, 18, 0]
142;378;[0, 51, 52, 41, 27, 54, 22, 21, 14, 15, 13, 12, 7, 8, 6, 9, 32, 31, 37, 36, 35, 57, 56, 58, 4, 2, 1, 3, 5, 38, 43, 48, 26, 49, 39, 55, 10, 50, 47, 53, 11, 42, 40, 34, 25, 33, 28, 29, 30, 44, 46, 45, 23, 24, 19, 20, 17, 16, 18, 0]
143;378;[0, 51, 52, 41, 27, 54, 22, 21, 14, 15, 13, 12, 7, 8, 6, 9, 32, 31, 37, 36, 35, 57, 56, 58, 4, 2, 1, 3, 5, 38, 43, 48, 26, 49, 39, 55, 10, 50, 47, 53, 11, 42, 40, 34, 25, 33, 28, 29, 30, 44, 46, 45, 23, 24, 19, 20, 17, 16, 18, 0]
144;378;[0, 51, 52, 41, 27, 54, 22, 21, 14, 15, 13, 12, 7, 8, 6, 9, 32, 31, 37, 36, 35, 57, 56, 58, 4, 2, 1, 3, 5, 38, 43, 48, 26, 49, 39, 55, 10, 50, 47, 53, 11, 42, 40, 34, 25, 33, 28, 29, 30, 44, 46, 45, 23, 24, 19, 20, 17, 16, 18, 0]
145;378;[0, 51, 52, 41, 27, 54, 22, 21, 14, 15, 13, 12, 7, 8, 6, 9, 32, 31, 37, 36, 35, 57, 56, 58, 4, 2, 1, 3, 5, 38, 43, 48, 26, 49, 39, 55, 10, 50, 47, 53, 11, 42, 40, 34, 25, 33, 28, 29, 30, 44, 46, 45, 23, 24, 19, 20, 17, 16, 18, 0]
146;378;[0, 51, 52, 41, 27, 54, 22, 21, 14, 15, 13, 12, 7, 8, 6, 9, 32, 31, 37, 36, 35, 57, 56, 58, 4, 2, 1, 3, 5, 38, 43, 48, 26, 49, 39, 55, 10, 50, 47, 53, 11, 42, 40, 34, 25, 33, 28, 29, 30, 44, 46, 45, 23, 24, 19, 20, 17, 16, 18, 0]
147;378;[0, 51, 52, 41, 27, 54, 22, 21, 14, 15, 13, 12, 7, 8, 6, 9, 32, 31, 37, 36, 35, 57, 56, 58, 4, 2, 1, 3, 5, 38, 43, 48, 26, 49, 39, 55, 10, 50, 47, 53, 11, 42, 40, 34, 25, 33, 28, 29, 30, 44, 46, 45, 23, 24, 19, 20, 17, 16, 18, 0]
148;378;[0, 51, 52, 41, 27, 54, 22, 21, 14, 15, 13, 12, 7, 8, 6, 9, 32, 31, 37, 36, 35, 57, 56, 58, 4, 2, 1, 3, 5, 38, 43, 48, 26, 49, 39, 55, 10, 50, 47, 53, 11, 42, 40, 34, 25, 33, 28, 29, 30, 44, 46, 45, 23, 24, 19, 20, 17, 16, 18, 0]
149;378;[0, 51, 52, 41, 27, 54, 22, 21, 14, 15, 13, 12, 7, 8, 6, 9, 32, 31, 37, 36, 35, 57, 56, 58, 4, 2, 1, 3, 5, 38, 43, 48, 26, 49, 39, 55, 10, 50, 47, 53, 11, 42, 40, 34, 25, 33, 28, 29, 30, 44, 46, 45, 23, 24, 19, 20, 17, 16, 18, 0]
150;378;[0, 51, 52, 41, 27, 54, 22, 21, 14, 15, 13, 12, 7, 8, 6, 9, 32, 31, 37, 36, 35, 57, 56, 58, 4, 2, 1, 3, 5, 38, 43, 48, 26, 49, 39, 55, 10, 50, 47, 53, 11, 42, 40, 34, 25, 33, 28, 29, 30, 44, 46, 45, 23, 24, 19, 20, 17, 16, 18, 0]
151;378;[0, 51, 52, 41, 27, 54, 22, 21, 14, 15, 13, 12, 7, 8, 6, 9, 32, 31, 37, 36, 35, 57, 56, 58, 4, 2, 1, 3, 5, 38, 43, 48, 26, 49, 39, 55, 10, 50, 47, 53, 11, 42, 40, 34, 25, 33, 28, 29, 30, 44, 46, 45, 23, 24, 19, 20, 17, 16, 18, 0]
152;378;[0, 51, 52, 41, 27, 54, 22, 21, 14, 15, 13, 12, 7, 8, 6, 9, 32, 31, 37, 36, 35, 57, 56, 58, 4, 2, 1, 3, 5, 38, 43, 48, 26, 49, 39, 55, 10, 50, 47, 53, 11, 42, 40, 34, 25, 33, 28, 29, 30, 44, 46, 45, 23, 24, 19, 20, 17, 16, 18, 0]
153;378;[0, 51, 52, 41, 27, 54, 22, 21, 14, 15, 13, 12, 7, 8, 6, 9, 32, 31, 37, 36, 35, 57, 56, 58, 4, 2, 1, 3, 5, 38, 43, 48, 26, 49, 39, 55, 10, 50, 47, 53, 11, 42, 40, 34, 25, 33, 28, 29, 30, 44, 46, 45, 23, 24, 19, 20, 17, 16, 18, 0]
154;378;[0, 51, 52, 41, 27, 54, 22, 21, 14, 15, 13, 12, 7, 8, 6, 9, 32, 31, 37, 36, 35, 57, 56, 58, 4, 2, 1, 3, 5, 38, 43, 48, 26, 49, 39, 55, 10, 50, 47, 53, 11, 42, 40, 34, 25, 33, 28, 29, 30, 44, 46, 45, 23, 24, 19, 20, 17, 16, 18, 0]
155;378;[0, 51, 52, 41, 27, 54, 22, 21, 14, 15, 13, 12, 7, 8, 6, 9, 32, 31, 37, 36, 35, 57, 56, 58, 4, 2, 1, 3, 5, 38, 43, 48, 26, 49, 39, 55, 10, 50, 47, 53, 11, 42, 40, 34, 25, 33, 28, 29, 30, 44, 46, 45, 23, 24, 19, 20, 17, 16, 18, 0]
156;378;[0, 51, 52, 41, 27, 54, 22, 21, 14, 15, 13, 12, 7, 8, 6, 9, 32, 31, 37, 36, 35, 57, 56, 58, 4, 2, 1, 3, 5, 38, 43, 48, 26, 49, 39, 55, 10, 50, 47, 53, 11, 42, 40, 34, 25, 33, 28, 29, 30, 44, 46, 45, 23, 24, 19, 20, 17, 16, 18, 0]
157;378;[0, 51, 52, 41, 27, 54, 22, 21, 14, 15, 13, 12, 7, 8, 6, 9, 32, 31, 37, 36, 35, 57, 56, 58, 4, 2, 1, 3, 5, 38, 43, 48, 26, 49, 39, 55, 10, 50, 47, 53, 11, 42, 40, 34, 25, 33, 28, 29, 30, 44, 46, 45, 23, 24, 19, 20, 17, 16, 18, 0]
158;378;[0, 51, 52, 41, 27, 54, 22, 21, 14, 15, 13, 12, 7, 8, 6, 9, 32, 31, 37, 36, 35, 57, 56, 58, 4, 2, 1, 3, 5, 38, 43, 48, 26, 49, 39, 55, 10, 50, 47, 53, 11, 42, 40, 34, 25, 33, 28, 29, 30, 44, 46, 45, 23, 24, 19, 20, 17, 16, 18, 0]
159;378;[0, 51, 52, 41, 27, 54, 22, 21, 14, 15, 13, 12, 7, 8, 6, 9, 32, 31, 37, 36, 35, 57, 56, 58, 4, 2, 1, 3, 5, 38, 43, 48, 26, 49, 39, 55, 10, 50, 47, 53, 11, 42, 40, 34, 25, 33, 28, 29, 30, 44, 46, 45, 23, 24, 19, 20, 17, 16, 18, 0]
160;378;[0, 51, 52, 41, 27, 54, 22, 21, 14, 15, 13, 12, 7, 8, 6, 9, 32, 31, 37, 36, 35, 57, 56, 58, 4, 2, 1, 3, 5, 38, 43, 48, 26, 49, 39, 55, 10, 50, 47, 53, 11, 42, 40, 34, 25, 33, 28, 29, 30, 44, 46, 45, 23, 24, 19, 20, 17, 16, 18, 0]
161;378;[0, 51, 52, 41, 27, 54, 22, 21, 14, 15, 13, 12, 7, 8, 6, 9, 32, 31, 37, 36, 35, 57, 56, 58, 4, 2, 1, 3, 5, 38, 43, 48, 26, 49, 39, 55, 10, 50, 47, 53, 11, 42, 40, 34, 25, 33, 28, 29, 30, 44, 46, 45, 23, 24, 19, 20, 17, 16, 18, 0]
162;378;[0, 51, 52, 41, 27, 54, 22, 21, 14, 15, 13, 12, 7, 8, 6, 9, 32, 31, 37, 36, 35, 57, 56, 58, 4, 2, 1, 3, 5, 38, 43, 48, 26, 49, 39, 55, 10, 50, 47, 53, 11, 42, 40, 34, 25, 33, 28, 29, 30, 44, 46, 45, 23, 24, 19, 20, 17, 16, 18, 0]
163;378;[0, 51, 52, 41, 27, 54, 22, 21, 14, 15, 13, 12, 7, 8, 6, 9, 32, 31, 37, 36, 35, 57, 56, 58, 4, 2, 1, 3, 5, 38, 43, 48, 26, 49, 39, 55, 10, 50, 47, 53, 11, 42, 40, 34, 25, 33, 28, 29, 30, 44, 46, 45, 23, 24, 19, 20, 17, 16, 18, 0]
164;378;[0, 51, 52, 41, 27, 54, 22, 21, 14, 15, 13, 12, 7, 8, 6, 9, 32, 31, 37, 36, 35, 57, 56, 58, 4, 2, 1, 3, 5, 38, 43, 48, 26, 49, 39, 55, 10, 50, 47, 53, 11, 42, 40, 34, 25, 33, 28, 29, 30, 44, 46, 45, 23, 24, 19, 20, 17, 16, 18, 0]
165;378;[0, 51, 52, 41, 27, 54, 22, 21, 14, 15, 13, 12, 7, 8, 6, 9, 32, 31, 37, 36, 35, 57, 56, 58, 4, 2, 1, 3, 5, 38, 43, 48, 26, 49, 39, 55, 10, 50, 47, 53, 11, 42, 40, 34, 25, 33, 28, 29, 30, 44, 46, 45, 23, 24, 19, 20, 17, 16, 18, 0]
166;378;[0, 51, 52, 41, 27, 54, 22, 21, 14, 15, 13, 12, 7, 8, 6, 9, 32, 31, 37, 36, 35, 57, 56, 58, 4, 2, 1, 3, 5, 38, 43, 48, 26, 49, 39, 55, 10, 50, 47, 53, 11, 42, 40, 34, 25, 33, 28, 29, 30, 44, 46, 45, 23, 24, 19, 20, 17, 16, 18, 0]
167;378;[0, 51, 52, 41, 27, 54, 22, 21, 14, 15, 13, 12, 7, 8, 6, 9, 32, 31, 37, 36, 35, 57, 56, 58, 4, 2, 1, 3, 5, 38, 43, 48, 26, 49, 39, 55, 10, 50, 47, 53, 11, 42, 40, 34, 25, 33, 28, 29, 30, 44, 46, 45, 23, 24, 19, 20, 17, 16, 18, 0]
168;378;[0, 51, 52, 41, 27, 54, 22, 21, 14, 15, 13, 12, 7, 8, 6, 9, 32, 31, 37, 36, 35, 57, 56, 58, 4, 2, 1, 3, 5, 38, 43, 48, 26, 49, 39, 55, 10, 50, 47, 53, 11, 42, 40, 34, 25, 33, 28, 29, 30, 44, 46, 45, 23, 24, 19, 20, 17, 16, 18, 0]
169;378;[0, 51, 52, 41, 27, 54, 22, 21, 14, 15, 13, 12, 7, 8, 6, 9, 32, 31, 37, 36, 35, 57, 56, 58, 4, 2, 1, 3, 5, 38, 43, 48, 26, 49, 39, 55, 10, 50, 47, 53, 11, 42, 40, 34, 25, 33, 28, 29, 30, 44, 46, 45, 23, 24, 19, 20, 17, 16, 18, 0]
170;378;[0, 51, 52, 41, 27, 54, 22, 21, 14, 15, 13, 12, 7, 8, 6, 9, 32, 31, 37, 36, 35, 57, 56, 58, 4, 2, 1, 3, 5, 38, 43, 48, 26, 49, 39, 55, 10, 50, 47, 53, 11, 42, 40, 34, 25, 33, 28, 29, 30, 44, 46, 45, 23, 24, 19, 20, 17, 16, 18, 0]
171;378;[0, 51, 52, 41, 27, 54, 22, 21, 14, 15, 13, 12, 7, 8, 6, 9, 32, 31, 37, 36, 35, 57, 56, 58, 4, 2, 1, 3, 5, 38, 43, 48, 26, 49, 39, 55, 10, 50, 47, 53, 11, 42, 40, 34, 25, 33, 28, 29, 30, 44, 46, 45, 23, 24, 19, 20, 17, 16, 18, 0]
172;378;[0, 51, 52, 41, 27, 54, 22, 21, 14, 15, 13, 12, 7, 8, 6, 9, 32, 31, 37, 36, 35, 57, 56, 58, 4, 2, 1, 3, 5, 38, 43, 48, 26, 49, 39, 55, 10, 50, 47, 53, 11, 42, 40, 34, 25, 33, 28, 29, 30, 44, 46, 45, 23, 24, 19, 20, 17, 16, 18, 0]
173;378;[0, 51, 52, 41, 27, 54, 22, 21, 14, 15, 13, 12, 7, 8, 6, 9, 32, 31, 37, 36, 35, 57, 56, 58, 4, 2, 1, 3, 5, 38, 43, 48, 26, 49, 39, 55, 10, 50, 47, 53, 11, 42, 40, 34, 25, 33, 28, 29, 30, 44, 46, 45, 23, 24, 19, 20, 17, 16, 18, 0]
174;378;[0, 51, 52, 41, 27, 54, 22, 21, 14, 15, 13, 12, 7, 8, 6, 9, 32, 31, 37, 36, 35, 57, 56, 58, 4, 2, 1, 3, 5, 38, 43, 48, 26, 49, 39, 55, 10, 50, 47, 53, 11, 42, 40, 34, 25, 33, 28, 29, 30, 44, 46, 45, 23, 24, 19, 20, 17, 16, 18, 0]
175;378;[0, 51, 52, 41, 27, 54, 22, 21, 14, 15, 13, 12, 7, 8, 6, 9, 32, 31, 37, 36, 35, 57, 56, 58, 4, 2, 1, 3, 5, 38, 43, 48, 26, 49, 39, 55, 10, 50, 47, 53, 11, 42, 40, 34, 25, 33, 28, 29, 30, 44, 46, 45, 23, 24, 19, 20, 17, 16, 18, 0]
176;378;[0, 51, 52, 41, 27, 54, 22, 21, 14, 15, 13, 12, 7, 8, 6, 9, 32, 31, 37, 36, 35, 57, 56, 58, 4, 2, 1, 3, 5, 38, 43, 48, 26, 49, 39, 55, 10, 50, 47, 53, 11, 42, 40, 34, 25, 33, 28, 29, 30, 44, 46, 45, 23, 24, 19, 20, 17, 16, 18, 0]
177;378;[0, 51, 52, 41, 27, 54, 22, 21, 14, 15, 13, 12, 7, 8, 6, 9, 32, 31, 37, 36, 35, 57, 56, 58, 4, 2, 1, 3, 5, 38, 43, 48, 26, 49, 39, 55, 10, 50, 47, 53, 11, 42, 40, 34, 25, 33, 28, 29, 30, 44, 46, 45, 23, 24, 19, 20, 17, 16, 18, 0]
178;378;[0, 51, 52, 41, 27, 54, 22, 21, 14, 15, 13, 12, 7, 8, 6, 9, 32, 31, 37, 36, 35, 57, 56, 58, 4, 2, 1, 3, 5, 38, 43, 48, 26, 49, 39, 55, 10, 50, 47, 53, 11, 42, 40, 34, 25, 33, 28, 29, 30, 44, 46, 45, 23, 24, 19, 20, 17, 16, 18, 0]
179;378;[0, 51, 52, 41, 27, 54, 22, 21, 14, 15, 13, 12, 7, 8, 6, 9, 32, 31, 37, 36, 35, 57, 56, 58, 4, 2, 1, 3, 5, 38, 43, 48, 26, 49, 39, 55, 10, 50, 47, 53, 11, 42, 40, 34, 25, 33, 28, 29, 30, 44, 46, 45, 23, 24, 19, 20, 17, 16, 18, 0]
180;378;[0, 51, 52, 41, 27, 54, 22, 21, 14, 15, 13, 12, 7, 8, 6, 9, 32, 31, 37, 36, 35, 57, 56, 58, 4, 2, 1, 3, 5, 38, 43, 48, 26, 49, 39, 55, 10, 50, 47, 53, 11, 42, 40, 34, 25, 33, 28, 29, 30, 44, 46, 45, 23, 24, 19, 20, 17, 16, 18, 0]
181;378;[0, 51, 52, 41, 27, 54, 22, 21, 14, 15, 13, 12, 7, 8, 6, 9, 32, 31, 37, 36, 35, 57, 56, 58, 4, 2, 1, 3, 5, 38, 43, 48, 26, 49, 39, 55, 10, 50, 47, 53, 11, 42, 40, 34, 25, 33, 28, 29, 30, 44, 46, 45, 23, 24, 19, 20, 17, 16, 18, 0]
182;378;[0, 51, 52, 41, 27, 54, 22, 21, 14, 15, 13, 12, 7, 8, 6, 9, 32, 31, 37, 36, 35, 57, 56, 58, 4, 2, 1, 3, 5, 38, 43, 48, 26, 49, 39, 55, 10, 50, 47, 53, 11, 42, 40, 34, 25, 33, 28, 29, 30, 44, 46, 45, 23, 24, 19, 20, 17, 16, 18, 0]
183;378;[0, 51, 52, 41, 27, 54, 22, 21, 14, 15, 13, 12, 7, 8, 6, 9, 32, 31, 37, 36, 35, 57, 56, 58, 4, 2, 1, 3, 5, 38, 43, 48, 26, 49, 39, 55, 10, 50, 47, 53, 11, 42, 40, 34, 25, 33, 28, 29, 30, 44, 46, 45, 23, 24, 19, 20, 17, 16, 18, 0]
184;378;[0, 51, 52, 41, 27, 54, 22, 21, 14, 15, 13, 12, 7, 8, 6, 9, 32, 31, 37, 36, 35, 57, 56, 58, 4, 2, 1, 3, 5, 38, 43, 48, 26, 49, 39, 55, 10, 50, 47, 53, 11, 42, 40, 34, 25, 33, 28, 29, 30, 44, 46, 45, 23, 24, 19, 20, 17, 16, 18, 0]
185;378;[0, 51, 52, 41, 27, 54, 22, 21, 14, 15, 13, 12, 7, 8, 6, 9, 32, 31, 37, 36, 35, 57, 56, 58, 4, 2, 1, 3, 5, 38, 43, 48, 26, 49, 39, 55, 10, 50, 47, 53, 11, 42, 40, 34, 25, 33, 28, 29, 30, 44, 46, 45, 23, 24, 19, 20, 17, 16, 18, 0]
186;378;[0, 51, 52, 41, 27, 54, 22, 21, 14, 15, 13, 12, 7, 8, 6, 9, 32, 31, 37, 36, 35, 57, 56, 58, 4, 2, 1, 3, 5, 38, 43, 48, 26, 49, 39, 55, 10, 50, 47, 53, 11, 42, 40, 34, 25, 33, 28, 29, 30, 44, 46, 45, 23, 24, 19, 20, 17, 16, 18, 0]
187;378;[0, 51, 52, 41, 27, 54, 22, 21, 14, 15, 13, 12, 7, 8, 6, 9, 32, 31, 37, 36, 35, 57, 56, 58, 4, 2, 1, 3, 5, 38, 43, 48, 26, 49, 39, 55, 10, 50, 47, 53, 11, 42, 40, 34, 25, 33, 28, 29, 30, 44, 46, 45, 23, 24, 19, 20, 17, 16, 18, 0]
188;378;[0, 51, 52, 41, 27, 54, 22, 21, 14, 15, 13, 12, 7, 8, 6, 9, 32, 31, 37, 36, 35, 57, 56, 58, 4, 2, 1, 3, 5, 38, 43, 48, 26, 49, 39, 55, 10, 50, 47, 53, 11, 42, 40, 34, 25, 33, 28, 29, 30, 44, 46, 45, 23, 24, 19, 20, 17, 16, 18, 0]
189;378;[0, 51, 52, 41, 27, 54, 22, 21, 14, 15, 13, 12, 7, 8, 6, 9, 32, 31, 37, 36, 35, 57, 56, 58, 4, 2, 1, 3, 5, 38, 43, 48, 26, 49, 39, 55, 10, 50, 47, 53, 11, 42, 40, 34, 25, 33, 28, 29, 30, 44, 46, 45, 23, 24, 19, 20, 17, 16, 18, 0]
190;378;[0, 51, 52, 41, 27, 54, 22, 21, 14, 15, 13, 12, 7, 8, 6, 9, 32, 31, 37, 36, 35, 57, 56, 58, 4, 2, 1, 3, 5, 38, 43, 48, 26, 49, 39, 55, 10, 50, 47, 53, 11, 42, 40, 34, 25, 33, 28, 29, 30, 44, 46, 45, 23, 24, 19, 20, 17, 16, 18, 0]
191;378;[0, 51, 52, 41, 27, 54, 22, 21, 14, 15, 13, 12, 7, 8, 6, 9, 32, 31, 37, 36, 35, 57, 56, 58, 4, 2, 1, 3, 5, 38, 43, 48, 26, 49, 39, 55, 10, 50, 47, 53, 11, 42, 40, 34, 25, 33, 28, 29, 30, 44, 46, 45, 23, 24, 19, 20, 17, 16, 18, 0]
192;378;[0, 51, 52, 41, 27, 54, 22, 21, 14, 15, 13, 12, 7, 8, 6, 9, 32, 31, 37, 36, 35, 57, 56, 58, 4, 2, 1, 3, 5, 38, 43, 48, 26, 49, 39, 55, 10, 50, 47, 53, 11, 42, 40, 34, 25, 33, 28, 29, 30, 44, 46, 45, 23, 24, 19, 20, 17, 16, 18, 0]
193;378;[0, 51, 52, 41, 27, 54, 22, 21, 14, 15, 13, 12, 7, 8, 6, 9, 32, 31, 37, 36, 35, 57, 56, 58, 4, 2, 1, 3, 5, 38, 43, 48, 26, 49, 39, 55, 10, 50, 47, 53, 11, 42, 40, 34, 25, 33, 28, 29, 30, 44, 46, 45, 23, 24, 19, 20, 17, 16, 18, 0]
194;378;[0, 51, 52, 41, 27, 54, 22, 21, 14, 15, 13, 12, 7, 8, 6, 9, 32, 31, 37, 36, 35, 57, 56, 58, 4, 2, 1, 3, 5, 38, 43, 48, 26, 49, 39, 55, 10, 50, 47, 53, 11, 42, 40, 34, 25, 33, 28, 29, 30, 44, 46, 45, 23, 24, 19, 20, 17, 16, 18, 0]
195;378;[0, 51, 52, 41, 27, 54, 22, 21, 14, 15, 13, 12, 7, 8, 6, 9, 32, 31, 37, 36, 35, 57, 56, 58, 4, 2, 1, 3, 5, 38, 43, 48, 26, 49, 39, 55, 10, 50, 47, 53, 11, 42, 40, 34, 25, 33, 28, 29, 30, 44, 46, 45, 23, 24, 19, 20, 17, 16, 18, 0]
196;378;[0, 51, 52, 41, 27, 54, 22, 21, 14, 15, 13, 12, 7, 8, 6, 9, 32, 31, 37, 36, 35, 57, 56, 58, 4, 2, 1, 3, 5, 38, 43, 48, 26, 49, 39, 55, 10, 50, 47, 53, 11, 42, 40, 34, 25, 33, 28, 29, 30, 44, 46, 45, 23, 24, 19, 20, 17, 16, 18, 0]
197;378;[0, 51, 52, 41, 27, 54, 22, 21, 14, 15, 13, 12, 7, 8, 6, 9, 32, 31, 37, 36, 35, 57, 56, 58, 4, 2, 1, 3, 5, 38, 43, 48, 26, 49, 39, 55, 10, 50, 47, 53, 11, 42, 40, 34, 25, 33, 28, 29, 30, 44, 46, 45, 23, 24, 19, 20, 17, 16, 18, 0]
198;378;[0, 51, 52, 41, 27, 54, 22, 21, 14, 15, 13, 12, 7, 8, 6, 9, 32, 31, 37, 36, 35, 57, 56, 58, 4, 2, 1, 3, 5, 38, 43, 48, 26, 49, 39, 55, 10, 50, 47, 53, 11, 42, 40, 34, 25, 33, 28, 29, 30, 44, 46, 45, 23, 24, 19, 20, 17, 16, 18, 0]
199;378;[0, 51, 52, 41, 27, 54, 22, 21, 14, 15, 13, 12, 7, 8, 6, 9, 32, 31, 37, 36, 35, 57, 56, 58, 4, 2, 1, 3, 5, 38, 43, 48, 26, 49, 39, 55, 10, 50, 47, 53, 11, 42, 40, 34, 25, 33, 28, 29, 30, 44, 46, 45, 23, 24, 19, 20, 17, 16, 18, 0]
200;378;[0, 51, 52, 41, 27, 54, 22, 21, 14, 15, 13, 12, 7, 8, 6, 9, 32, 31, 37, 36, 35, 57, 56, 58, 4, 2, 1, 3, 5, 38, 43, 48, 26, 49, 39, 55, 10, 50, 47, 53, 11, 42, 40, 34, 25, 33, 28, 29, 30, 44, 46, 45, 23, 24, 19, 20, 17, 16, 18, 0]
201;378;[0, 51, 52, 41, 27, 54, 22, 21, 14, 15, 13, 12, 7, 8, 6, 9, 32, 31, 37, 36, 35, 57, 56, 58, 4, 2, 1, 3, 5, 38, 43, 48, 26, 49, 39, 55, 10, 50, 47, 53, 11, 42, 40, 34, 25, 33, 28, 29, 30, 44, 46, 45, 23, 24, 19, 20, 17, 16, 18, 0]
202;378;[0, 51, 52, 41, 27, 54, 22, 21, 14, 15, 13, 12, 7, 8, 6, 9, 32, 31, 37, 36, 35, 57, 56, 58, 4, 2, 1, 3, 5, 38, 43, 48, 26, 49, 39, 55, 10, 50, 47, 53, 11, 42, 40, 34, 25, 33, 28, 29, 30, 44, 46, 45, 23, 24, 19, 20, 17, 16, 18, 0]
203;378;[0, 51, 52, 41, 27, 54, 22, 21, 14, 15, 13, 12, 7, 8, 6, 9, 32, 31, 37, 36, 35, 57, 56, 58, 4, 2, 1, 3, 5, 38, 43, 48, 26, 49, 39, 55, 10, 50, 47, 53, 11, 42, 40, 34, 25, 33, 28, 29, 30, 44, 46, 45, 23, 24, 19, 20, 17, 16, 18, 0]
204;378;[0, 51, 52, 41, 27, 54, 22, 21, 14, 15, 13, 12, 7, 8, 6, 9, 32, 31, 37, 36, 35, 57, 56, 58, 4, 2, 1, 3, 5, 38, 43, 48, 26, 49, 39, 55, 10, 50, 47, 53, 11, 42, 40, 34, 25, 33, 28, 29, 30, 44, 46, 45, 23, 24, 19, 20, 17, 16, 18, 0]
205;378;[0, 51, 52, 41, 27, 54, 22, 21, 14, 15, 13, 12, 7, 8, 6, 9, 32, 31, 37, 36, 35, 57, 56, 58, 4, 2, 1, 3, 5, 38, 43, 48, 26, 49, 39, 55, 10, 50, 47, 53, 11, 42, 40, 34, 25, 33, 28, 29, 30, 44, 46, 45, 23, 24, 19, 20, 17, 16, 18, 0]
206;378;[0, 51, 52, 41, 27, 54, 22, 21, 14, 15, 13, 12, 7, 8, 6, 9, 32, 31, 37, 36, 35, 57, 56, 58, 4, 2, 1, 3, 5, 38, 43, 48, 26, 49, 39, 55, 10, 50, 47, 53, 11, 42, 40, 34, 25, 33, 28, 29, 30, 44, 46, 45, 23, 24, 19, 20, 17, 16, 18, 0]
207;378;[0, 51, 52, 41, 27, 54, 22, 21, 14, 15, 13, 12, 7, 8, 6, 9, 32, 31, 37, 36, 35, 57, 56, 58, 4, 2, 1, 3, 5, 38, 43, 48, 26, 49, 39, 55, 10, 50, 47, 53, 11, 42, 40, 34, 25, 33, 28, 29, 30, 44, 46, 45, 23, 24, 19, 20, 17, 16, 18, 0]
208;378;[0, 51, 52, 41, 27, 54, 22, 21, 14, 15, 13, 12, 7, 8, 6, 9, 32, 31, 37, 36, 35, 57, 56, 58, 4, 2, 1, 3, 5, 38, 43, 48, 26, 49, 39, 55, 10, 50, 47, 53, 11, 42, 40, 34, 25, 33, 28, 29, 30, 44, 46, 45, 23, 24, 19, 20, 17, 16, 18, 0]
209;378;[0, 51, 52, 41, 27, 54, 22, 21, 14, 15, 13, 12, 7, 8, 6, 9, 32, 31, 37, 36, 35, 57, 56, 58, 4, 2, 1, 3, 5, 38, 43, 48, 26, 49, 39, 55, 10, 50, 47, 53, 11, 42, 40, 34, 25, 33, 28, 29, 30, 44, 46, 45, 23, 24, 19, 20, 17, 16, 18, 0]
210;378;[0, 51, 52, 41, 27, 54, 22, 21, 14, 15, 13, 12, 7, 8, 6, 9, 32, 31, 37, 36, 35, 57, 56, 58, 4, 2, 1, 3, 5, 38, 43, 48, 26, 49, 39, 55, 10, 50, 47, 53, 11, 42, 40, 34, 25, 33, 28, 29, 30, 44, 46, 45, 23, 24, 19, 20, 17, 16, 18, 0]
211;378;[0, 51, 52, 41, 27, 54, 22, 21, 14, 15, 13, 12, 7, 8, 6, 9, 32, 31, 37, 36, 35, 57, 56, 58, 4, 2, 1, 3, 5, 38, 43, 48, 26, 49, 39, 55, 10, 50, 47, 53, 11, 42, 40, 34, 25, 33, 28, 29, 30, 44, 46, 45, 23, 24, 19, 20, 17, 16, 18, 0]
212;378;[0, 51, 52, 41, 27, 54, 22, 21, 14, 15, 13, 12, 7, 8, 6, 9, 32, 31, 37, 36, 35, 57, 56, 58, 4, 2, 1, 3, 5, 38, 43, 48, 26, 49, 39, 55, 10, 50, 47, 53, 11, 42, 40, 34, 25, 33, 28, 29, 30, 44, 46, 45, 23, 24, 19, 20, 17, 16, 18, 0]
213;378;[0, 51, 52, 41, 27, 54, 22, 21, 14, 15, 13, 12, 7, 8, 6, 9, 32, 31, 37, 36, 35, 57, 56, 58, 4, 2, 1, 3, 5, 38, 43, 48, 26, 49, 39, 55, 10, 50, 47, 53, 11, 42, 40, 34, 25, 33, 28, 29, 30, 44, 46, 45, 23, 24, 19, 20, 17, 16, 18, 0]
214;378;[0, 51, 52, 41, 27, 54, 22, 21, 14, 15, 13, 12, 7, 8, 6, 9, 32, 31, 37, 36, 35, 57, 56, 58, 4, 2, 1, 3, 5, 38, 43, 48, 26, 49, 39, 55, 10, 50, 47, 53, 11, 42, 40, 34, 25, 33, 28, 29, 30, 44, 46, 45, 23, 24, 19, 20, 17, 16, 18, 0]
215;378;[0, 51, 52, 41, 27, 54, 22, 21, 14, 15, 13, 12, 7, 8, 6, 9, 32, 31, 37, 36, 35, 57, 56, 58, 4, 2, 1, 3, 5, 38, 43, 48, 26, 49, 39, 55, 10, 50, 47, 53, 11, 42, 40, 34, 25, 33, 28, 29, 30, 44, 46, 45, 23, 24, 19, 20, 17, 16, 18, 0]
216;378;[0, 51, 52, 41, 27, 54, 22, 21, 14, 15, 13, 12, 7, 8, 6, 9, 32, 31, 37, 36, 35, 57, 56, 58, 4, 2, 1, 3, 5, 38, 43, 48, 26, 49, 39, 55, 10, 50, 47, 53, 11, 42, 40, 34, 25, 33, 28, 29, 30, 44, 46, 45, 23, 24, 19, 20, 17, 16, 18, 0]
217;378;[0, 51, 52, 41, 27, 54, 22, 21, 14, 15, 13, 12, 7, 8, 6, 9, 32, 31, 37, 36, 35, 57, 56, 58, 4, 2, 1, 3, 5, 38, 43, 48, 26, 49, 39, 55, 10, 50, 47, 53, 11, 42, 40, 34, 25, 33, 28, 29, 30, 44, 46, 45, 23, 24, 19, 20, 17, 16, 18, 0]
218;378;[0, 51, 52, 41, 27, 54, 22, 21, 14, 15, 13, 12, 7, 8, 6, 9, 32, 31, 37, 36, 35, 57, 56, 58, 4, 2, 1, 3, 5, 38, 43, 48, 26, 49, 39, 55, 10, 50, 47, 53, 11, 42, 40, 34, 25, 33, 28, 29, 30, 44, 46, 45, 23, 24, 19, 20, 17, 16, 18, 0]
219;378;[0, 51, 52, 41, 27, 54, 22, 21, 14, 15, 13, 12, 7, 8, 6, 9, 32, 31, 37, 36, 35, 57, 56, 58, 4, 2, 1, 3, 5, 38, 43, 48, 26, 49, 39, 55, 10, 50, 47, 53, 11, 42, 40, 34, 25, 33, 28, 29, 30, 44, 46, 45, 23, 24, 19, 20, 17, 16, 18, 0]
220;378;[0, 51, 52, 41, 27, 54, 22, 21, 14, 15, 13, 12, 7, 8, 6, 9, 32, 31, 37, 36, 35, 57, 56, 58, 4, 2, 1, 3, 5, 38, 43, 48, 26, 49, 39, 55, 10, 50, 47, 53, 11, 42, 40, 34, 25, 33, 28, 29, 30, 44, 46, 45, 23, 24, 19, 20, 17, 16, 18, 0]
221;378;[0, 51, 52, 41, 27, 54, 22, 21, 14, 15, 13, 12, 7, 8, 6, 9, 32, 31, 37, 36, 35, 57, 56, 58, 4, 2, 1, 3, 5, 38, 43, 48, 26, 49, 39, 55, 10, 50, 47, 53, 11, 42, 40, 34, 25, 33, 28, 29, 30, 44, 46, 45, 23, 24, 19, 20, 17, 16, 18, 0]
222;378;[0, 51, 52, 41, 27, 54, 22, 21, 14, 15, 13, 12, 7, 8, 6, 9, 32, 31, 37, 36, 35, 57, 56, 58, 4, 2, 1, 3, 5, 38, 43, 48, 26, 49, 39, 55, 10, 50, 47, 53, 11, 42, 40, 34, 25, 33, 28, 29, 30, 44, 46, 45, 23, 24, 19, 20, 17, 16, 18, 0]
223;378;[0, 51, 52, 41, 27, 54, 22, 21, 14, 15, 13, 12, 7, 8, 6, 9, 32, 31, 37, 36, 35, 57, 56, 58, 4, 2, 1, 3, 5, 38, 43, 48, 26, 49, 39, 55, 10, 50, 47, 53, 11, 42, 40, 34, 25, 33, 28, 29, 30, 44, 46, 45, 23, 24, 19, 20, 17, 16, 18, 0]
224;378;[0, 51, 52, 41, 27, 54, 22, 21, 14, 15, 13, 12, 7, 8, 6, 9, 32, 31, 37, 36, 35, 57, 56, 58, 4, 2, 1, 3, 5, 38, 43, 48, 26, 49, 39, 55, 10, 50, 47, 53, 11, 42, 40, 34, 25, 33, 28, 29, 30, 44, 46, 45, 23, 24, 19, 20, 17, 16, 18, 0]
225;378;[0, 51, 52, 41, 27, 54, 22, 21, 14, 15, 13, 12, 7, 8, 6, 9, 32, 31, 37, 36, 35, 57, 56, 58, 4, 2, 1, 3, 5, 38, 43, 48, 26, 49, 39, 55, 10, 50, 47, 53, 11, 42, 40, 34, 25, 33, 28, 29, 30, 44, 46, 45, 23, 24, 19, 20, 17, 16, 18, 0]
226;378;[0, 51, 52, 41, 27, 54, 22, 21, 14, 15, 13, 12, 7, 8, 6, 9, 32, 31, 37, 36, 35, 57, 56, 58, 4, 2, 1, 3, 5, 38, 43, 48, 26, 49, 39, 55, 10, 50, 47, 53, 11, 42, 40, 34, 25, 33, 28, 29, 30, 44, 46, 45, 23, 24, 19, 20, 17, 16, 18, 0]
227;378;[0, 51, 52, 41, 27, 54, 22, 21, 14, 15, 13, 12, 7, 8, 6, 9, 32, 31, 37, 36, 35, 57, 56, 58, 4, 2, 1, 3, 5, 38, 43, 48, 26, 49, 39, 55, 10, 50, 47, 53, 11, 42, 40, 34, 25, 33, 28, 29, 30, 44, 46, 45, 23, 24, 19, 20, 17, 16, 18, 0]
228;378;[0, 51, 52, 41, 27, 54, 22, 21, 14, 15, 13, 12, 7, 8, 6, 9, 32, 31, 37, 36, 35, 57, 56, 58, 4, 2, 1, 3, 5, 38, 43, 48, 26, 49, 39, 55, 10, 50, 47, 53, 11, 42, 40, 34, 25, 33, 28, 29, 30, 44, 46, 45, 23, 24, 19, 20, 17, 16, 18, 0]
229;378;[0, 51, 52, 41, 27, 54, 22, 21, 14, 15, 13, 12, 7, 8, 6, 9, 32, 31, 37, 36, 35, 57, 56, 58, 4, 2, 1, 3, 5, 38, 43, 48, 26, 49, 39, 55, 10, 50, 47, 53, 11, 42, 40, 34, 25, 33, 28, 29, 30, 44, 46, 45, 23, 24, 19, 20, 17, 16, 18, 0]
230;378;[0, 51, 52, 41, 27, 54, 22, 21, 14, 15, 13, 12, 7, 8, 6, 9, 32, 31, 37, 36, 35, 57, 56, 58, 4, 2, 1, 3, 5, 38, 43, 48, 26, 49, 39, 55, 10, 50, 47, 53, 11, 42, 40, 34, 25, 33, 28, 29, 30, 44, 46, 45, 23, 24, 19, 20, 17, 16, 18, 0]
231;378;[0, 51, 52, 41, 27, 54, 22, 21, 14, 15, 13, 12, 7, 8, 6, 9, 32, 31, 37, 36, 35, 57, 56, 58, 4, 2, 1, 3, 5, 38, 43, 48, 26, 49, 39, 55, 10, 50, 47, 53, 11, 42, 40, 34, 25, 33, 28, 29, 30, 44, 46, 45, 23, 24, 19, 20, 17, 16, 18, 0]
232;378;[0, 51, 52, 41, 27, 54, 22, 21, 14, 15, 13, 12, 7, 8, 6, 9, 32, 31, 37, 36, 35, 57, 56, 58, 4, 2, 1, 3, 5, 38, 43, 48, 26, 49, 39, 55, 10, 50, 47, 53, 11, 42, 40, 34, 25, 33, 28, 29, 30, 44, 46, 45, 23, 24, 19, 20, 17, 16, 18, 0]
233;378;[0, 51, 52, 41, 27, 54, 22, 21, 14, 15, 13, 12, 7, 8, 6, 9, 32, 31, 37, 36, 35, 57, 56, 58, 4, 2, 1, 3, 5, 38, 43, 48, 26, 49, 39, 55, 10, 50, 47, 53, 11, 42, 40, 34, 25, 33, 28, 29, 30, 44, 46, 45, 23, 24, 19, 20, 17, 16, 18, 0]
234;378;[0, 51, 52, 41, 27, 54, 22, 21, 14, 15, 13, 12, 7, 8, 6, 9, 32, 31, 37, 36, 35, 57, 56, 58, 4, 2, 1, 3, 5, 38, 43, 48, 26, 49, 39, 55, 10, 50, 47, 53, 11, 42, 40, 34, 25, 33, 28, 29, 30, 44, 46, 45, 23, 24, 19, 20, 17, 16, 18, 0]
235;378;[0, 51, 52, 41, 27, 54, 22, 21, 14, 15, 13, 12, 7, 8, 6, 9, 32, 31, 37, 36, 35, 57, 56, 58, 4, 2, 1, 3, 5, 38, 43, 48, 26, 49, 39, 55, 10, 50, 47, 53, 11, 42, 40, 34, 25, 33, 28, 29, 30, 44, 46, 45, 23, 24, 19, 20, 17, 16, 18, 0]
236;378;[0, 51, 52, 41, 27, 54, 22, 21, 14, 15, 13, 12, 7, 8, 6, 9, 32, 31, 37, 36, 35, 57, 56, 58, 4, 2, 1, 3, 5, 38, 43, 48, 26, 49, 39, 55, 10, 50, 47, 53, 11, 42, 40, 34, 25, 33, 28, 29, 30, 44, 46, 45, 23, 24, 19, 20, 17, 16, 18, 0]
237;378;[0, 51, 52, 41, 27, 54, 22, 21, 14, 15, 13, 12, 7, 8, 6, 9, 32, 31, 37, 36, 35, 57, 56, 58, 4, 2, 1, 3, 5, 38, 43, 48, 26, 49, 39, 55, 10, 50, 47, 53, 11, 42, 40, 34, 25, 33, 28, 29, 30, 44, 46, 45, 23, 24, 19, 20, 17, 16, 18, 0]
238;378;[0, 51, 52, 41, 27, 54, 22, 21, 14, 15, 13, 12, 7, 8, 6, 9, 32, 31, 37, 36, 35, 57, 56, 58, 4, 2, 1, 3, 5, 38, 43, 48, 26, 49, 39, 55, 10, 50, 47, 53, 11, 42, 40, 34, 25, 33, 28, 29, 30, 44, 46, 45, 23, 24, 19, 20, 17, 16, 18, 0]
239;378;[0, 51, 52, 41, 27, 54, 22, 21, 14, 15, 13, 12, 7, 8, 6, 9, 32, 31, 37, 36, 35, 57, 56, 58, 4, 2, 1, 3, 5, 38, 43, 48, 26, 49, 39, 55, 10, 50, 47, 53, 11, 42, 40, 34, 25, 33, 28, 29, 30, 44, 46, 45, 23, 24, 19, 20, 17, 16, 18, 0]
240;378;[0, 51, 52, 41, 27, 54, 22, 21, 14, 15, 13, 12, 7, 8, 6, 9, 32, 31, 37, 36, 35, 57, 56, 58, 4, 2, 1, 3, 5, 38, 43, 48, 26, 49, 39, 55, 10, 50, 47, 53, 11, 42, 40, 34, 25, 33, 28, 29, 30, 44, 46, 45, 23, 24, 19, 20, 17, 16, 18, 0]
241;378;[0, 51, 52, 41, 27, 54, 22, 21, 14, 15, 13, 12, 7, 8, 6, 9, 32, 31, 37, 36, 35, 57, 56, 58, 4, 2, 1, 3, 5, 38, 43, 48, 26, 49, 39, 55, 10, 50, 47, 53, 11, 42, 40, 34, 25, 33, 28, 29, 30, 44, 46, 45, 23, 24, 19, 20, 17, 16, 18, 0]
242;378;[0, 51, 52, 41, 27, 54, 22, 21, 14, 15, 13, 12, 7, 8, 6, 9, 32, 31, 37, 36, 35, 57, 56, 58, 4, 2, 1, 3, 5, 38, 43, 48, 26, 49, 39, 55, 10, 50, 47, 53, 11, 42, 40, 34, 25, 33, 28, 29, 30, 44, 46, 45, 23, 24, 19, 20, 17, 16, 18, 0]
243;378;[0, 51, 52, 41, 27, 54, 22, 21, 14, 15, 13, 12, 7, 8, 6, 9, 32, 31, 37, 36, 35, 57, 56, 58, 4, 2, 1, 3, 5, 38, 43, 48, 26, 49, 39, 55, 10, 50, 47, 53, 11, 42, 40, 34, 25, 33, 28, 29, 30, 44, 46, 45, 23, 24, 19, 20, 17, 16, 18, 0]
244;378;[0, 51, 52, 41, 27, 54, 22, 21, 14, 15, 13, 12, 7, 8, 6, 9, 32, 31, 37, 36, 35, 57, 56, 58, 4, 2, 1, 3, 5, 38, 43, 48, 26, 49, 39, 55, 10, 50, 47, 53, 11, 42, 40, 34, 25, 33, 28, 29, 30, 44, 46, 45, 23, 24, 19, 20, 17, 16, 18, 0]
245;378;[0, 51, 52, 41, 27, 54, 22, 21, 14, 15, 13, 12, 7, 8, 6, 9, 32, 31, 37, 36, 35, 57, 56, 58, 4, 2, 1, 3, 5, 38, 43, 48, 26, 49, 39, 55, 10, 50, 47, 53, 11, 42, 40, 34, 25, 33, 28, 29, 30, 44, 46, 45, 23, 24, 19, 20, 17, 16, 18, 0]
246;378;[0, 51, 52, 41, 27, 54, 22, 21, 14, 15, 13, 12, 7, 8, 6, 9, 32, 31, 37, 36, 35, 57, 56, 58, 4, 2, 1, 3, 5, 38, 43, 48, 26, 49, 39, 55, 10, 50, 47, 53, 11, 42, 40, 34, 25, 33, 28, 29, 30, 44, 46, 45, 23, 24, 19, 20, 17, 16, 18, 0]
247;378;[0, 51, 52, 41, 27, 54, 22, 21, 14, 15, 13, 12, 7, 8, 6, 9, 32, 31, 37, 36, 35, 57, 56, 58, 4, 2, 1, 3, 5, 38, 43, 48, 26, 49, 39, 55, 10, 50, 47, 53, 11, 42, 40, 34, 25, 33, 28, 29, 30, 44, 46, 45, 23, 24, 19, 20, 17, 16, 18, 0]
248;378;[0, 51, 52, 41, 27, 54, 22, 21, 14, 15, 13, 12, 7, 8, 6, 9, 32, 31, 37, 36, 35, 57, 56, 58, 4, 2, 1, 3, 5, 38, 43, 48, 26, 49, 39, 55, 10, 50, 47, 53, 11, 42, 40, 34, 25, 33, 28, 29, 30, 44, 46, 45, 23, 24, 19, 20, 17, 16, 18, 0]
249;378;[0, 51, 52, 41, 27, 54, 22, 21, 14, 15, 13, 12, 7, 8, 6, 9, 32, 31, 37, 36, 35, 57, 56, 58, 4, 2, 1, 3, 5, 38, 43, 48, 26, 49, 39, 55, 10, 50, 47, 53, 11, 42, 40, 34, 25, 33, 28, 29, 30, 44, 46, 45, 23, 24, 19, 20, 17, 16, 18, 0]
250;378;[0, 51, 52, 41, 27, 54, 22, 21, 14, 15, 13, 12, 7, 8, 6, 9, 32, 31, 37, 36, 35, 57, 56, 58, 4, 2, 1, 3, 5, 38, 43, 48, 26, 49, 39, 55, 10, 50, 47, 53, 11, 42, 40, 34, 25, 33, 28, 29, 30, 44, 46, 45, 23, 24, 19, 20, 17, 16, 18, 0]
251;378;[0, 51, 52, 41, 27, 54, 22, 21, 14, 15, 13, 12, 7, 8, 6, 9, 32, 31, 37, 36, 35, 57, 56, 58, 4, 2, 1, 3, 5, 38, 43, 48, 26, 49, 39, 55, 10, 50, 47, 53, 11, 42, 40, 34, 25, 33, 28, 29, 30, 44, 46, 45, 23, 24, 19, 20, 17, 16, 18, 0]
252;378;[0, 51, 52, 41, 27, 54, 22, 21, 14, 15, 13, 12, 7, 8, 6, 9, 32, 31, 37, 36, 35, 57, 56, 58, 4, 2, 1, 3, 5, 38, 43, 48, 26, 49, 39, 55, 10, 50, 47, 53, 11, 42, 40, 34, 25, 33, 28, 29, 30, 44, 46, 45, 23, 24, 19, 20, 17, 16, 18, 0]
253;378;[0, 51, 52, 41, 27, 54, 22, 21, 14, 15, 13, 12, 7, 8, 6, 9, 32, 31, 37, 36, 35, 57, 56, 58, 4, 2, 1, 3, 5, 38, 43, 48, 26, 49, 39, 55, 10, 50, 47, 53, 11, 42, 40, 34, 25, 33, 28, 29, 30, 44, 46, 45, 23, 24, 19, 20, 17, 16, 18, 0]
254;378;[0, 51, 52, 41, 27, 54, 22, 21, 14, 15, 13, 12, 7, 8, 6, 9, 32, 31, 37, 36, 35, 57, 56, 58, 4, 2, 1, 3, 5, 38, 43, 48, 26, 49, 39, 55, 10, 50, 47, 53, 11, 42, 40, 34, 25, 33, 28, 29, 30, 44, 46, 45, 23, 24, 19, 20, 17, 16, 18, 0]
255;378;[0, 51, 52, 41, 27, 54, 22, 21, 14, 15, 13, 12, 7, 8, 6, 9, 32, 31, 37, 36, 35, 57, 56, 58, 4, 2, 1, 3, 5, 38, 43, 48, 26, 49, 39, 55, 10, 50, 47, 53, 11, 42, 40, 34, 25, 33, 28, 29, 30, 44, 46, 45, 23, 24, 19, 20, 17, 16, 18, 0]
256;378;[0, 51, 52, 41, 27, 54, 22, 21, 14, 15, 13, 12, 7, 8, 6, 9, 32, 31, 37, 36, 35, 57, 56, 58, 4, 2, 1, 3, 5, 38, 43, 48, 26, 49, 39, 55, 10, 50, 47, 53, 11, 42, 40, 34, 25, 33, 28, 29, 30, 44, 46, 45, 23, 24, 19, 20, 17, 16, 18, 0]
257;378;[0, 51, 52, 41, 27, 54, 22, 21, 14, 15, 13, 12, 7, 8, 6, 9, 32, 31, 37, 36, 35, 57, 56, 58, 4, 2, 1, 3, 5, 38, 43, 48, 26, 49, 39, 55, 10, 50, 47, 53, 11, 42, 40, 34, 25, 33, 28, 29, 30, 44, 46, 45, 23, 24, 19, 20, 17, 16, 18, 0]
258;378;[0, 51, 52, 41, 27, 54, 22, 21, 14, 15, 13, 12, 7, 8, 6, 9, 32, 31, 37, 36, 35, 57, 56, 58, 4, 2, 1, 3, 5, 38, 43, 48, 26, 49, 39, 55, 10, 50, 47, 53, 11, 42, 40, 34, 25, 33, 28, 29, 30, 44, 46, 45, 23, 24, 19, 20, 17, 16, 18, 0]
259;378;[0, 51, 52, 41, 27, 54, 22, 21, 14, 15, 13, 12, 7, 8, 6, 9, 32, 31, 37, 36, 35, 57, 56, 58, 4, 2, 1, 3, 5, 38, 43, 48, 26, 49, 39, 55, 10, 50, 47, 53, 11, 42, 40, 34, 25, 33, 28, 29, 30, 44, 46, 45, 23, 24, 19, 20, 17, 16, 18, 0]
260;378;[0, 51, 52, 41, 27, 54, 22, 21, 14, 15, 13, 12, 7, 8, 6, 9, 32, 31, 37, 36, 35, 57, 56, 58, 4, 2, 1, 3, 5, 38, 43, 48, 26, 49, 39, 55, 10, 50, 47, 53, 11, 42, 40, 34, 25, 33, 28, 29, 30, 44, 46, 45, 23, 24, 19, 20, 17, 16, 18, 0]
261;378;[0, 51, 52, 41, 27, 54, 22, 21, 14, 15, 13, 12, 7, 8, 6, 9, 32, 31, 37, 36, 35, 57, 56, 58, 4, 2, 1, 3, 5, 38, 43, 48, 26, 49, 39, 55, 10, 50, 47, 53, 11, 42, 40, 34, 25, 33, 28, 29, 30, 44, 46, 45, 23, 24, 19, 20, 17, 16, 18, 0]
262;378;[0, 51, 52, 41, 27, 54, 22, 21, 14, 15, 13, 12, 7, 8, 6, 9, 32, 31, 37, 36, 35, 57, 56, 58, 4, 2, 1, 3, 5, 38, 43, 48, 26, 49, 39, 55, 10, 50, 47, 53, 11, 42, 40, 34, 25, 33, 28, 29, 30, 44, 46, 45, 23, 24, 19, 20, 17, 16, 18, 0]
263;378;[0, 51, 52, 41, 27, 54, 22, 21, 14, 15, 13, 12, 7, 8, 6, 9, 32, 31, 37, 36, 35, 57, 56, 58, 4, 2, 1, 3, 5, 38, 43, 48, 26, 49, 39, 55, 10, 50, 47, 53, 11, 42, 40, 34, 25, 33, 28, 29, 30, 44, 46, 45, 23, 24, 19, 20, 17, 16, 18, 0]
264;378;[0, 51, 52, 41, 27, 54, 22, 21, 14, 15, 13, 12, 7, 8, 6, 9, 32, 31, 37, 36, 35, 57, 56, 58, 4, 2, 1, 3, 5, 38, 43, 48, 26, 49, 39, 55, 10, 50, 47, 53, 11, 42, 40, 34, 25, 33, 28, 29, 30, 44, 46, 45, 23, 24, 19, 20, 17, 16, 18, 0]
265;378;[0, 51, 52, 41, 27, 54, 22, 21, 14, 15, 13, 12, 7, 8, 6, 9, 32, 31, 37, 36, 35, 57, 56, 58, 4, 2, 1, 3, 5, 38, 43, 48, 26, 49, 39, 55, 10, 50, 47, 53, 11, 42, 40, 34, 25, 33, 28, 29, 30, 44, 46, 45, 23, 24, 19, 20, 17, 16, 18, 0]
266;378;[0, 51, 52, 41, 27, 54, 22, 21, 14, 15, 13, 12, 7, 8, 6, 9, 32, 31, 37, 36, 35, 57, 56, 58, 4, 2, 1, 3, 5, 38, 43, 48, 26, 49, 39, 55, 10, 50, 47, 53, 11, 42, 40, 34, 25, 33, 28, 29, 30, 44, 46, 45, 23, 24, 19, 20, 17, 16, 18, 0]
267;378;[0, 51, 52, 41, 27, 54, 22, 21, 14, 15, 13, 12, 7, 8, 6, 9, 32, 31, 37, 36, 35, 57, 56, 58, 4, 2, 1, 3, 5, 38, 43, 48, 26, 49, 39, 55, 10, 50, 47, 53, 11, 42, 40, 34, 25, 33, 28, 29, 30, 44, 46, 45, 23, 24, 19, 20, 17, 16, 18, 0]
268;378;[0, 51, 52, 41, 27, 54, 22, 21, 14, 15, 13, 12, 7, 8, 6, 9, 32, 31, 37, 36, 35, 57, 56, 58, 4, 2, 1, 3, 5, 38, 43, 48, 26, 49, 39, 55, 10, 50, 47, 53, 11, 42, 40, 34, 25, 33, 28, 29, 30, 44, 46, 45, 23, 24, 19, 20, 17, 16, 18, 0]
269;378;[0, 51, 52, 41, 27, 54, 22, 21, 14, 15, 13, 12, 7, 8, 6, 9, 32, 31, 37, 36, 35, 57, 56, 58, 4, 2, 1, 3, 5, 38, 43, 48, 26, 49, 39, 55, 10, 50, 47, 53, 11, 42, 40, 34, 25, 33, 28, 29, 30, 44, 46, 45, 23, 24, 19, 20, 17, 16, 18, 0]
270;378;[0, 51, 52, 41, 27, 54, 22, 21, 14, 15, 13, 12, 7, 8, 6, 9, 32, 31, 37, 36, 35, 57, 56, 58, 4, 2, 1, 3, 5, 38, 43, 48, 26, 49, 39, 55, 10, 50, 47, 53, 11, 42, 40, 34, 25, 33, 28, 29, 30, 44, 46, 45, 23, 24, 19, 20, 17, 16, 18, 0]
271;378;[0, 51, 52, 41, 27, 54, 22, 21, 14, 15, 13, 12, 7, 8, 6, 9, 32, 31, 37, 36, 35, 57, 56, 58, 4, 2, 1, 3, 5, 38, 43, 48, 26, 49, 39, 55, 10, 50, 47, 53, 11, 42, 40, 34, 25, 33, 28, 29, 30, 44, 46, 45, 23, 24, 19, 20, 17, 16, 18, 0]
272;378;[0, 51, 52, 41, 27, 54, 22, 21, 14, 15, 13, 12, 7, 8, 6, 9, 32, 31, 37, 36, 35, 57, 56, 58, 4, 2, 1, 3, 5, 38, 43, 48, 26, 49, 39, 55, 10, 50, 47, 53, 11, 42, 40, 34, 25, 33, 28, 29, 30, 44, 46, 45, 23, 24, 19, 20, 17, 16, 18, 0]
273;378;[0, 51, 52, 41, 27, 54, 22, 21, 14, 15, 13, 12, 7, 8, 6, 9, 32, 31, 37, 36, 35, 57, 56, 58, 4, 2, 1, 3, 5, 38, 43, 48, 26, 49, 39, 55, 10, 50, 47, 53, 11, 42, 40, 34, 25, 33, 28, 29, 30, 44, 46, 45, 23, 24, 19, 20, 17, 16, 18, 0]
274;378;[0, 51, 52, 41, 27, 54, 22, 21, 14, 15, 13, 12, 7, 8, 6, 9, 32, 31, 37, 36, 35, 57, 56, 58, 4, 2, 1, 3, 5, 38, 43, 48, 26, 49, 39, 55, 10, 50, 47, 53, 11, 42, 40, 34, 25, 33, 28, 29, 30, 44, 46, 45, 23, 24, 19, 20, 17, 16, 18, 0]
275;378;[0, 51, 52, 41, 27, 54, 22, 21, 14, 15, 13, 12, 7, 8, 6, 9, 32, 31, 37, 36, 35, 57, 56, 58, 4, 2, 1, 3, 5, 38, 43, 48, 26, 49, 39, 55, 10, 50, 47, 53, 11, 42, 40, 34, 25, 33, 28, 29, 30, 44, 46, 45, 23, 24, 19, 20, 17, 16, 18, 0]
276;378;[0, 51, 52, 41, 27, 54, 22, 21, 14, 15, 13, 12, 7, 8, 6, 9, 32, 31, 37, 36, 35, 57, 56, 58, 4, 2, 1, 3, 5, 38, 43, 48, 26, 49, 39, 55, 10, 50, 47, 53, 11, 42, 40, 34, 25, 33, 28, 29, 30, 44, 46, 45, 23, 24, 19, 20, 17, 16, 18, 0]
277;378;[0, 51, 52, 41, 27, 54, 22, 21, 14, 15, 13, 12, 7, 8, 6, 9, 32, 31, 37, 36, 35, 57, 56, 58, 4, 2, 1, 3, 5, 38, 43, 48, 26, 49, 39, 55, 10, 50, 47, 53, 11, 42, 40, 34, 25, 33, 28, 29, 30, 44, 46, 45, 23, 24, 19, 20, 17, 16, 18, 0]
278;378;[0, 51, 52, 41, 27, 54, 22, 21, 14, 15, 13, 12, 7, 8, 6, 9, 32, 31, 37, 36, 35, 57, 56, 58, 4, 2, 1, 3, 5, 38, 43, 48, 26, 49, 39, 55, 10, 50, 47, 53, 11, 42, 40, 34, 25, 33, 28, 29, 30, 44, 46, 45, 23, 24, 19, 20, 17, 16, 18, 0]
279;378;[0, 51, 52, 41, 27, 54, 22, 21, 14, 15, 13, 12, 7, 8, 6, 9, 32, 31, 37, 36, 35, 57, 56, 58, 4, 2, 1, 3, 5, 38, 43, 48, 26, 49, 39, 55, 10, 50, 47, 53, 11, 42, 40, 34, 25, 33, 28, 29, 30, 44, 46, 45, 23, 24, 19, 20, 17, 16, 18, 0]
280;378;[0, 51, 52, 41, 27, 54, 22, 21, 14, 15, 13, 12, 7, 8, 6, 9, 32, 31, 37, 36, 35, 57, 56, 58, 4, 2, 1, 3, 5, 38, 43, 48, 26, 49, 39, 55, 10, 50, 47, 53, 11, 42, 40, 34, 25, 33, 28, 29, 30, 44, 46, 45, 23, 24, 19, 20, 17, 16, 18, 0]
281;378;[0, 51, 52, 41, 27, 54, 22, 21, 14, 15, 13, 12, 7, 8, 6, 9, 32, 31, 37, 36, 35, 57, 56, 58, 4, 2, 1, 3, 5, 38, 43, 48, 26, 49, 39, 55, 10, 50, 47, 53, 11, 42, 40, 34, 25, 33, 28, 29, 30, 44, 46, 45, 23, 24, 19, 20, 17, 16, 18, 0]
282;378;[0, 51, 52, 41, 27, 54, 22, 21, 14, 15, 13, 12, 7, 8, 6, 9, 32, 31, 37, 36, 35, 57, 56, 58, 4, 2, 1, 3, 5, 38, 43, 48, 26, 49, 39, 55, 10, 50, 47, 53, 11, 42, 40, 34, 25, 33, 28, 29, 30, 44, 46, 45, 23, 24, 19, 20, 17, 16, 18, 0]
283;378;[0, 51, 52, 41, 27, 54, 22, 21, 14, 15, 13, 12, 7, 8, 6, 9, 32, 31, 37, 36, 35, 57, 56, 58, 4, 2, 1, 3, 5, 38, 43, 48, 26, 49, 39, 55, 10, 50, 47, 53, 11, 42, 40, 34, 25, 33, 28, 29, 30, 44, 46, 45, 23, 24, 19, 20, 17, 16, 18, 0]
284;378;[0, 51, 52, 41, 27, 54, 22, 21, 14, 15, 13, 12, 7, 8, 6, 9, 32, 31, 37, 36, 35, 57, 56, 58, 4, 2, 1, 3, 5, 38, 43, 48, 26, 49, 39, 55, 10, 50, 47, 53, 11, 42, 40, 34, 25, 33, 28, 29, 30, 44, 46, 45, 23, 24, 19, 20, 17, 16, 18, 0]
285;378;[0, 51, 52, 41, 27, 54, 22, 21, 14, 15, 13, 12, 7, 8, 6, 9, 32, 31, 37, 36, 35, 57, 56, 58, 4, 2, 1, 3, 5, 38, 43, 48, 26, 49, 39, 55, 10, 50, 47, 53, 11, 42, 40, 34, 25, 33, 28, 29, 30, 44, 46, 45, 23, 24, 19, 20, 17, 16, 18, 0]
286;378;[0, 51, 52, 41, 27, 54, 22, 21, 14, 15, 13, 12, 7, 8, 6, 9, 32, 31, 37, 36, 35, 57, 56, 58, 4, 2, 1, 3, 5, 38, 43, 48, 26, 49, 39, 55, 10, 50, 47, 53, 11, 42, 40, 34, 25, 33, 28, 29, 30, 44, 46, 45, 23, 24, 19, 20, 17, 16, 18, 0]
287;378;[0, 51, 52, 41, 27, 54, 22, 21, 14, 15, 13, 12, 7, 8, 6, 9, 32, 31, 37, 36, 35, 57, 56, 58, 4, 2, 1, 3, 5, 38, 43, 48, 26, 49, 39, 55, 10, 50, 47, 53, 11, 42, 40, 34, 25, 33, 28, 29, 30, 44, 46, 45, 23, 24, 19, 20, 17, 16, 18, 0]
288;378;[0, 51, 52, 41, 27, 54, 22, 21, 14, 15, 13, 12, 7, 8, 6, 9, 32, 31, 37, 36, 35, 57, 56, 58, 4, 2, 1, 3, 5, 38, 43, 48, 26, 49, 39, 55, 10, 50, 47, 53, 11, 42, 40, 34, 25, 33, 28, 29, 30, 44, 46, 45, 23, 24, 19, 20, 17, 16, 18, 0]
289;378;[0, 51, 52, 41, 27, 54, 22, 21, 14, 15, 13, 12, 7, 8, 6, 9, 32, 31, 37, 36, 35, 57, 56, 58, 4, 2, 1, 3, 5, 38, 43, 48, 26, 49, 39, 55, 10, 50, 47, 53, 11, 42, 40, 34, 25, 33, 28, 29, 30, 44, 46, 45, 23, 24, 19, 20, 17, 16, 18, 0]
290;378;[0, 51, 52, 41, 27, 54, 22, 21, 14, 15, 13, 12, 7, 8, 6, 9, 32, 31, 37, 36, 35, 57, 56, 58, 4, 2, 1, 3, 5, 38, 43, 48, 26, 49, 39, 55, 10, 50, 47, 53, 11, 42, 40, 34, 25, 33, 28, 29, 30, 44, 46, 45, 23, 24, 19, 20, 17, 16, 18, 0]
291;378;[0, 51, 52, 41, 27, 54, 22, 21, 14, 15, 13, 12, 7, 8, 6, 9, 32, 31, 37, 36, 35, 57, 56, 58, 4, 2, 1, 3, 5, 38, 43, 48, 26, 49, 39, 55, 10, 50, 47, 53, 11, 42, 40, 34, 25, 33, 28, 29, 30, 44, 46, 45, 23, 24, 19, 20, 17, 16, 18, 0]
292;378;[0, 51, 52, 41, 27, 54, 22, 21, 14, 15, 13, 12, 7, 8, 6, 9, 32, 31, 37, 36, 35, 57, 56, 58, 4, 2, 1, 3, 5, 38, 43, 48, 26, 49, 39, 55, 10, 50, 47, 53, 11, 42, 40, 34, 25, 33, 28, 29, 30, 44, 46, 45, 23, 24, 19, 20, 17, 16, 18, 0]
293;378;[0, 51, 52, 41, 27, 54, 22, 21, 14, 15, 13, 12, 7, 8, 6, 9, 32, 31, 37, 36, 35, 57, 56, 58, 4, 2, 1, 3, 5, 38, 43, 48, 26, 49, 39, 55, 10, 50, 47, 53, 11, 42, 40, 34, 25, 33, 28, 29, 30, 44, 46, 45, 23, 24, 19, 20, 17, 16, 18, 0]
294;378;[0, 51, 52, 41, 27, 54, 22, 21, 14, 15, 13, 12, 7, 8, 6, 9, 32, 31, 37, 36, 35, 57, 56, 58, 4, 2, 1, 3, 5, 38, 43, 48, 26, 49, 39, 55, 10, 50, 47, 53, 11, 42, 40, 34, 25, 33, 28, 29, 30, 44, 46, 45, 23, 24, 19, 20, 17, 16, 18, 0]
295;378;[0, 51, 52, 41, 27, 54, 22, 21, 14, 15, 13, 12, 7, 8, 6, 9, 32, 31, 37, 36, 35, 57, 56, 58, 4, 2, 1, 3, 5, 38, 43, 48, 26, 49, 39, 55, 10, 50, 47, 53, 11, 42, 40, 34, 25, 33, 28, 29, 30, 44, 46, 45, 23, 24, 19, 20, 17, 16, 18, 0]
296;378;[0, 51, 52, 41, 27, 54, 22, 21, 14, 15, 13, 12, 7, 8, 6, 9, 32, 31, 37, 36, 35, 57, 56, 58, 4, 2, 1, 3, 5, 38, 43, 48, 26, 49, 39, 55, 10, 50, 47, 53, 11, 42, 40, 34, 25, 33, 28, 29, 30, 44, 46, 45, 23, 24, 19, 20, 17, 16, 18, 0]
297;378;[0, 51, 52, 41, 27, 54, 22, 21, 14, 15, 13, 12, 7, 8, 6, 9, 32, 31, 37, 36, 35, 57, 56, 58, 4, 2, 1, 3, 5, 38, 43, 48, 26, 49, 39, 55, 10, 50, 47, 53, 11, 42, 40, 34, 25, 33, 28, 29, 30, 44, 46, 45, 23, 24, 19, 20, 17, 16, 18, 0]
298;378;[0, 51, 52, 41, 27, 54, 22, 21, 14, 15, 13, 12, 7, 8, 6, 9, 32, 31, 37, 36, 35, 57, 56, 58, 4, 2, 1, 3, 5, 38, 43, 48, 26, 49, 39, 55, 10, 50, 47, 53, 11, 42, 40, 34, 25, 33, 28, 29, 30, 44, 46, 45, 23, 24, 19, 20, 17, 16, 18, 0]
299;378;[0, 51, 52, 41, 27, 54, 22, 21, 14, 15, 13, 12, 7, 8, 6, 9, 32, 31, 37, 36, 35, 57, 56, 58, 4, 2, 1, 3, 5, 38, 43, 48, 26, 49, 39, 55, 10, 50, 47, 53, 11, 42, 40, 34, 25, 33, 28, 29, 30, 44, 46, 45, 23, 24, 19, 20, 17, 16, 18, 0]
