0;367;[0, 55, 39, 49, 26, 48, 43, 38, 44, 46, 45, 23, 24, 5, 2, 1, 3, 4, 56, 58, 57, 35, 36, 37, 31, 32, 9, 6, 8, 7, 12, 13, 15, 14, 21, 22, 51, 52, 41, 54, 27, 18, 16, 17, 19, 20, 30, 29, 28, 34, 40, 42, 11, 25, 53, 33, 47, 50, 10, 0]
1;369;[0, 19, 20, 34, 40, 42, 11, 25, 53, 33, 47, 50, 10, 55, 39, 49, 26, 48, 43, 38, 28, 29, 30, 44, 46, 45, 24, 23, 5, 3, 1, 2, 4, 56, 58, 37, 36, 35, 57, 31, 32, 9, 6, 8, 7, 13, 12, 15, 14, 21, 22, 51, 52, 41, 54, 27, 18, 16, 17, 0]
2;367;[0, 55, 39, 49, 26, 48, 43, 38, 46, 44, 45, 24, 23, 5, 3, 1, 2, 4, 58, 56, 57, 35, 36, 37, 31, 32, 9, 6, 8, 7, 12, 13, 15, 14, 21, 22, 51, 52, 41, 54, 27, 18, 16, 17, 19, 20, 28, 30, 29, 34, 40, 42, 11, 25, 53, 33, 47, 50, 10, 0]
3;365;[0, 55, 39, 49, 26, 48, 43, 38, 24, 23, 5, 2, 1, 3, 4, 56, 58, 57, 35, 36, 37, 31, 32, 9, 6, 8, 7, 12, 13, 15, 14, 21, 22, 51, 52, 41, 54, 27, 18, 16, 17, 19, 20, 28, 44, 46, 45, 30, 29, 33, 11, 42, 40, 34, 25, 53, 47, 50, 10, 0]
4;365;[0, 55, 39, 49, 26, 48, 43, 38, 24, 23, 5, 3, 1, 2, 4, 56, 58, 57, 35, 36, 37, 31, 32, 9, 6, 8, 7, 12, 13, 15, 14, 21, 22, 51, 52, 41, 54, 27, 18, 16, 17, 19, 20, 28, 44, 46, 45, 30, 29, 33, 11, 42, 40, 34, 25, 53, 47, 50, 10, 0]
5;369;[0, 55, 39, 49, 26, 48, 43, 24, 23, 5, 2, 1, 3, 4, 56, 58, 57, 35, 36, 37, 31, 32, 9, 6, 8, 7, 12, 13, 15, 14, 21, 22, 51, 52, 41, 54, 27, 18, 16, 17, 19, 20, 28, 29, 30, 44, 46, 45, 38, 33, 11, 42, 40, 34, 25, 53, 47, 50, 10, 0]
6;362;[0, 55, 39, 49, 26, 48, 43, 38, 24, 23, 16, 17, 19, 20, 18, 27, 54, 41, 52, 51, 22, 21, 14, 15, 13, 12, 7, 8, 6, 9, 32, 31, 37, 36, 35, 57, 58, 56, 4, 5, 2, 3, 1, 45, 46, 44, 30, 29, 28, 33, 11, 42, 40, 34, 25, 53, 47, 50, 10, 0]
7;400;[0, 55, 39, 49, 26, 48, 43, 38, 24, 23, 18, 20, 19, 17, 16, 22, 21, 14, 15, 27, 54, 41, 52, 51, 1, 2, 5, 3, 4, 56, 58, 57, 31, 9, 13, 12, 7, 8, 6, 32, 36, 35, 37, 45, 46, 44, 30, 29, 28, 33, 11, 42, 40, 34, 25, 53, 47, 50, 10, 0]
8;363;[0, 55, 39, 49, 26, 48, 43, 38, 24, 23, 16, 17, 20, 19, 18, 27, 54, 41, 52, 51, 22, 21, 14, 15, 13, 12, 7, 8, 6, 9, 32, 31, 37, 36, 35, 57, 58, 56, 4, 5, 2, 3, 1, 45, 46, 44, 30, 29, 28, 33, 11, 42, 40, 34, 25, 53, 47, 50, 10, 0]
9;362;[0, 55, 39, 49, 26, 48, 43, 38, 44, 46, 45, 23, 24, 1, 3, 2, 5, 4, 56, 58, 57, 35, 36, 37, 31, 32, 9, 6, 8, 7, 12, 13, 15, 14, 21, 22, 51, 52, 41, 54, 27, 18, 16, 17, 19, 20, 30, 29, 28, 33, 11, 42, 40, 34, 25, 53, 47, 50, 10, 0]
10;361;[0, 55, 39, 49, 26, 48, 43, 38, 24, 23, 16, 17, 19, 20, 18, 27, 54, 41, 52, 51, 22, 21, 14, 15, 13, 12, 7, 8, 6, 9, 32, 31, 57, 35, 36, 37, 58, 56, 4, 5, 2, 3, 1, 45, 46, 44, 30, 29, 28, 33, 11, 42, 40, 34, 25, 53, 47, 50, 10, 0]
11;371;[0, 55, 49, 26, 48, 43, 38, 24, 23, 16, 17, 19, 20, 18, 27, 54, 41, 52, 51, 22, 21, 14, 15, 13, 12, 7, 8, 6, 9, 32, 31, 57, 35, 36, 37, 58, 56, 4, 5, 2, 3, 1, 45, 46, 44, 30, 29, 28, 39, 33, 11, 42, 40, 34, 25, 53, 47, 50, 10, 0]
12;362;[0, 55, 39, 49, 26, 48, 43, 38, 24, 23, 16, 17, 20, 19, 18, 27, 54, 41, 52, 51, 22, 21, 14, 15, 13, 12, 7, 8, 6, 9, 32, 31, 57, 35, 36, 37, 58, 56, 4, 5, 3, 2, 1, 45, 46, 44, 30, 29, 28, 33, 11, 42, 40, 34, 25, 53, 47, 50, 10, 0]
13;389;[0, 55, 39, 49, 26, 48, 43, 38, 24, 23, 5, 2, 3, 4, 56, 58, 31, 32, 9, 6, 8, 15, 14, 21, 22, 54, 41, 27, 51, 52, 13, 12, 7, 37, 36, 35, 57, 1, 18, 20, 19, 17, 16, 45, 46, 44, 30, 29, 28, 33, 11, 42, 40, 34, 25, 53, 47, 50, 10, 0]
14;361;[0, 55, 39, 49, 26, 48, 43, 38, 24, 23, 16, 17, 19, 20, 18, 27, 54, 41, 52, 51, 22, 21, 14, 15, 13, 12, 7, 8, 6, 9, 32, 31, 57, 35, 36, 37, 58, 56, 4, 5, 2, 3, 1, 45, 46, 44, 30, 29, 28, 33, 11, 42, 40, 34, 25, 53, 47, 50, 10, 0]
15;361;[0, 55, 39, 49, 26, 48, 43, 38, 24, 23, 16, 17, 19, 20, 18, 27, 54, 41, 52, 51, 22, 21, 14, 15, 13, 12, 7, 8, 6, 9, 32, 31, 57, 35, 36, 37, 58, 56, 4, 5, 2, 3, 1, 45, 46, 44, 30, 29, 28, 33, 11, 42, 40, 34, 25, 53, 47, 50, 10, 0]
16;365;[0, 55, 39, 49, 26, 48, 43, 38, 24, 23, 5, 3, 1, 2, 4, 56, 58, 37, 36, 35, 57, 31, 32, 9, 6, 8, 7, 12, 13, 15, 14, 21, 22, 51, 52, 41, 54, 27, 18, 20, 19, 17, 16, 45, 46, 44, 30, 29, 28, 33, 11, 42, 40, 34, 25, 53, 47, 50, 10, 0]
17;366;[0, 55, 39, 49, 26, 48, 43, 38, 24, 23, 1, 3, 2, 5, 4, 56, 58, 37, 36, 35, 57, 31, 32, 9, 6, 8, 7, 12, 13, 15, 14, 21, 22, 51, 52, 41, 54, 27, 18, 16, 17, 19, 20, 44, 45, 46, 30, 29, 28, 33, 11, 42, 40, 34, 25, 53, 47, 50, 10, 0]
18;362;[0, 55, 39, 49, 26, 48, 43, 38, 24, 23, 16, 17, 20, 19, 18, 27, 54, 41, 52, 51, 22, 21, 14, 15, 13, 12, 7, 8, 6, 9, 32, 31, 57, 35, 36, 37, 58, 56, 4, 5, 2, 3, 1, 45, 46, 44, 30, 29, 28, 33, 11, 42, 40, 34, 25, 53, 47, 50, 10, 0]
19;367;[0, 55, 39, 49, 26, 48, 43, 38, 3, 1, 2, 5, 4, 58, 56, 36, 35, 37, 57, 31, 32, 9, 6, 8, 7, 12, 13, 15, 14, 21, 22, 51, 52, 41, 54, 27, 18, 20, 19, 17, 16, 24, 23, 45, 46, 44, 30, 29, 28, 33, 11, 42, 40, 34, 25, 53, 47, 50, 10, 0]
20;361;[0, 55, 39, 49, 26, 48, 43, 38, 24, 23, 16, 17, 19, 20, 18, 27, 54, 41, 52, 51, 22, 21, 14, 15, 13, 12, 7, 8, 6, 9, 32, 31, 57, 35, 36, 37, 58, 56, 4, 5, 2, 3, 1, 45, 46, 44, 30, 29, 28, 33, 11, 42, 40, 34, 25, 53, 47, 50, 10, 0]
21;361;[0, 55, 39, 49, 26, 48, 43, 38, 24, 23, 16, 17, 19, 20, 18, 27, 54, 41, 52, 51, 22, 21, 14, 15, 13, 12, 7, 8, 6, 9, 32, 31, 57, 35, 36, 37, 58, 56, 4, 5, 3, 2, 1, 45, 46, 44, 30, 29, 28, 33, 11, 42, 40, 34, 25, 53, 47, 50, 10, 0]
22;361;[0, 55, 39, 49, 26, 48, 43, 38, 24, 23, 16, 17, 19, 20, 18, 27, 54, 41, 52, 51, 22, 21, 14, 15, 13, 12, 7, 8, 6, 9, 32, 31, 57, 35, 36, 37, 58, 56, 4, 2, 1, 3, 5, 45, 46, 44, 30, 29, 28, 33, 11, 42, 40, 34, 25, 53, 47, 50, 10, 0]
23;363;[0, 55, 39, 49, 26, 48, 43, 38, 44, 46, 45, 23, 24, 1, 3, 2, 5, 4, 56, 58, 37, 36, 35, 57, 31, 32, 9, 6, 8, 7, 12, 13, 15, 14, 21, 22, 51, 52, 41, 54, 27, 18, 16, 17, 19, 20, 30, 29, 28, 33, 11, 42, 40, 34, 25, 53, 47, 50, 10, 0]
24;365;[0, 55, 39, 49, 26, 48, 43, 38, 28, 29, 30, 44, 46, 45, 24, 23, 1, 3, 2, 5, 4, 56, 58, 37, 36, 35, 57, 31, 32, 9, 6, 8, 7, 12, 13, 15, 14, 21, 22, 51, 52, 41, 54, 27, 18, 16, 17, 19, 20, 33, 11, 42, 40, 34, 25, 53, 47, 50, 10, 0]
25;361;[0, 55, 39, 49, 26, 48, 43, 38, 24, 23, 16, 17, 19, 20, 18, 27, 54, 41, 52, 51, 22, 21, 14, 15, 13, 12, 7, 8, 6, 9, 32, 31, 57, 35, 36, 37, 58, 56, 4, 5, 2, 3, 1, 45, 46, 44, 30, 29, 28, 33, 11, 42, 40, 34, 25, 53, 47, 50, 10, 0]
26;361;[0, 55, 39, 49, 26, 48, 43, 38, 24, 23, 16, 17, 19, 20, 18, 27, 54, 41, 52, 51, 22, 21, 14, 15, 13, 12, 7, 8, 6, 9, 32, 31, 57, 35, 36, 37, 58, 56, 4, 5, 2, 3, 1, 45, 46, 44, 30, 29, 28, 33, 11, 42, 40, 34, 25, 53, 47, 50, 10, 0]
27;370;[0, 55, 39, 49, 26, 48, 43, 38, 24, 23, 1, 3, 2, 5, 4, 56, 58, 37, 36, 35, 57, 31, 32, 9, 6, 8, 7, 12, 13, 15, 14, 21, 22, 51, 52, 41, 54, 27, 18, 16, 17, 19, 20, 28, 29, 30, 44, 46, 45, 25, 34, 40, 42, 11, 53, 33, 47, 50, 10, 0]
28;365;[0, 38, 44, 46, 45, 23, 24, 5, 2, 1, 3, 4, 56, 58, 37, 36, 35, 57, 31, 32, 9, 6, 8, 7, 12, 13, 15, 14, 21, 22, 51, 52, 41, 54, 27, 18, 16, 17, 19, 20, 30, 29, 28, 33, 53, 11, 42, 40, 34, 25, 47, 50, 10, 55, 39, 49, 26, 48, 43, 0]
29;370;[0, 55, 39, 49, 26, 48, 43, 38, 23, 24, 51, 52, 41, 54, 27, 22, 21, 14, 15, 13, 12, 7, 8, 6, 9, 32, 31, 37, 36, 35, 57, 58, 56, 4, 3, 5, 2, 1, 45, 46, 44, 30, 29, 28, 18, 16, 17, 19, 20, 33, 53, 11, 42, 40, 34, 25, 47, 50, 10, 0]
30;363;[0, 55, 39, 49, 26, 48, 43, 38, 44, 46, 45, 23, 24, 1, 3, 2, 5, 4, 56, 58, 37, 36, 35, 57, 31, 32, 9, 6, 8, 7, 13, 12, 15, 14, 21, 22, 51, 52, 41, 54, 27, 18, 16, 17, 19, 20, 30, 29, 28, 33, 11, 42, 40, 34, 25, 53, 47, 50, 10, 0]
31;365;[0, 55, 39, 49, 26, 38, 43, 48, 28, 29, 30, 44, 46, 45, 24, 23, 1, 3, 2, 5, 4, 56, 58, 37, 36, 35, 57, 31, 32, 9, 6, 8, 7, 12, 13, 15, 14, 21, 22, 51, 52, 41, 54, 27, 18, 16, 17, 19, 20, 33, 11, 42, 40, 34, 25, 53, 47, 50, 10, 0]
32;361;[0, 55, 39, 49, 26, 48, 43, 38, 24, 23, 16, 17, 19, 20, 18, 27, 54, 41, 52, 51, 22, 21, 14, 15, 13, 12, 7, 8, 6, 9, 32, 31, 57, 35, 36, 37, 58, 56, 4, 5, 2, 3, 1, 45, 46, 44, 30, 29, 28, 33, 11, 42, 40, 34, 25, 53, 47, 50, 10, 0]
33;365;[0, 55, 39, 49, 26, 48, 43, 38, 24, 23, 5, 2, 1, 3, 4, 56, 58, 37, 36, 35, 57, 31, 32, 9, 6, 8, 7, 12, 13, 15, 14, 21, 22, 51, 52, 41, 54, 27, 18, 16, 17, 19, 20, 30, 45, 46, 44, 29, 28, 33, 11, 42, 40, 34, 25, 53, 47, 50, 10, 0]
34;362;[0, 55, 39, 49, 26, 48, 43, 38, 24, 23, 16, 17, 19, 20, 18, 27, 54, 41, 52, 51, 22, 21, 14, 15, 13, 12, 7, 8, 6, 9, 32, 31, 37, 36, 35, 57, 58, 56, 4, 3, 5, 2, 1, 45, 46, 44, 30, 29, 28, 33, 11, 42, 40, 34, 25, 53, 47, 50, 10, 0]
35;361;[0, 55, 39, 49, 26, 48, 43, 38, 24, 23, 16, 17, 19, 20, 18, 27, 54, 41, 52, 51, 22, 21, 14, 15, 13, 12, 7, 8, 6, 9, 32, 31, 57, 35, 36, 37, 58, 56, 4, 5, 3, 2, 1, 45, 46, 44, 30, 29, 28, 33, 11, 42, 40, 34, 25, 53, 47, 50, 10, 0]
36;366;[0, 55, 39, 49, 26, 48, 43, 38, 23, 24, 51, 52, 41, 54, 27, 22, 21, 14, 15, 13, 12, 7, 8, 6, 9, 32, 31, 57, 35, 36, 37, 58, 56, 4, 5, 2, 3, 1, 45, 46, 44, 30, 29, 28, 16, 17, 18, 19, 20, 33, 11, 42, 40, 34, 25, 53, 47, 50, 10, 0]
37;365;[0, 55, 39, 49, 26, 48, 43, 38, 24, 23, 5, 3, 1, 2, 4, 56, 58, 37, 36, 35, 57, 31, 32, 9, 6, 8, 7, 12, 13, 15, 14, 21, 22, 51, 52, 41, 54, 27, 18, 20, 19, 17, 16, 45, 46, 44, 30, 29, 28, 33, 11, 42, 40, 34, 25, 53, 47, 50, 10, 0]
38;370;[0, 55, 39, 49, 26, 48, 43, 24, 23, 5, 3, 1, 2, 4, 56, 58, 37, 36, 35, 57, 31, 32, 9, 6, 8, 7, 12, 13, 15, 14, 21, 22, 51, 52, 41, 54, 27, 18, 16, 17, 19, 20, 28, 29, 30, 44, 46, 45, 38, 33, 11, 42, 40, 34, 25, 53, 47, 50, 10, 0]
39;368;[0, 55, 39, 49, 26, 48, 43, 38, 45, 46, 44, 30, 29, 28, 20, 19, 17, 16, 18, 27, 54, 41, 52, 51, 22, 21, 14, 15, 13, 12, 7, 8, 6, 9, 32, 31, 37, 36, 35, 57, 56, 58, 4, 5, 2, 3, 1, 24, 23, 25, 34, 40, 42, 11, 53, 33, 47, 50, 10, 0]
40;361;[0, 55, 39, 49, 26, 48, 43, 38, 24, 23, 16, 17, 19, 20, 18, 27, 54, 41, 52, 51, 22, 21, 14, 15, 13, 12, 7, 8, 6, 9, 32, 31, 57, 35, 36, 37, 58, 56, 4, 5, 3, 2, 1, 45, 46, 44, 30, 29, 28, 33, 11, 42, 40, 34, 25, 53, 47, 50, 10, 0]
41;361;[0, 55, 39, 49, 26, 48, 43, 38, 24, 23, 16, 17, 19, 20, 18, 27, 54, 41, 52, 51, 22, 21, 14, 15, 13, 12, 7, 8, 6, 9, 32, 31, 57, 35, 36, 37, 58, 56, 4, 5, 2, 3, 1, 45, 46, 44, 30, 29, 28, 33, 11, 42, 40, 34, 25, 53, 47, 50, 10, 0]
42;362;[0, 55, 39, 49, 26, 48, 43, 38, 24, 23, 16, 17, 20, 19, 18, 27, 54, 41, 52, 51, 22, 21, 14, 15, 13, 12, 7, 8, 6, 9, 31, 32, 57, 35, 36, 37, 58, 56, 4, 5, 2, 3, 1, 45, 46, 44, 30, 29, 28, 33, 11, 42, 40, 34, 25, 53, 47, 50, 10, 0]
43;365;[0, 55, 39, 49, 26, 48, 43, 38, 24, 23, 5, 2, 1, 3, 4, 56, 58, 37, 36, 35, 57, 31, 32, 9, 6, 8, 7, 12, 13, 15, 14, 21, 22, 51, 52, 41, 54, 27, 18, 20, 19, 17, 16, 45, 46, 44, 30, 29, 28, 33, 11, 42, 40, 34, 25, 53, 47, 50, 10, 0]
44;365;[0, 55, 39, 49, 26, 48, 43, 38, 24, 23, 5, 2, 1, 3, 4, 56, 58, 37, 36, 35, 57, 31, 32, 9, 6, 8, 7, 13, 12, 15, 14, 21, 22, 51, 52, 41, 54, 27, 18, 20, 19, 17, 16, 45, 46, 44, 30, 29, 28, 33, 11, 42, 40, 34, 25, 53, 47, 50, 10, 0]
45;379;[0, 55, 39, 49, 26, 48, 43, 38, 24, 23, 37, 36, 35, 57, 32, 9, 6, 8, 15, 27, 54, 41, 52, 51, 22, 21, 14, 13, 12, 7, 31, 58, 56, 4, 5, 2, 3, 1, 45, 46, 44, 30, 29, 28, 16, 17, 18, 19, 20, 33, 11, 42, 40, 34, 25, 53, 47, 50, 10, 0]
46;361;[0, 55, 39, 49, 26, 48, 43, 38, 24, 23, 16, 17, 19, 20, 18, 27, 54, 41, 52, 51, 22, 21, 14, 15, 13, 12, 7, 8, 6, 9, 32, 31, 57, 35, 36, 37, 58, 56, 4, 5, 2, 3, 1, 45, 46, 44, 30, 29, 28, 33, 11, 42, 40, 34, 25, 53, 47, 50, 10, 0]
47;364;[0, 45, 23, 24, 5, 2, 1, 3, 4, 56, 58, 37, 35, 36, 57, 31, 32, 9, 6, 8, 7, 12, 13, 15, 14, 21, 22, 51, 52, 41, 54, 27, 18, 16, 17, 19, 20, 33, 11, 42, 40, 34, 25, 53, 47, 50, 10, 55, 39, 49, 26, 43, 38, 48, 28, 29, 30, 44, 46, 0]
48;370;[0, 55, 39, 49, 26, 48, 43, 24, 23, 5, 3, 1, 2, 4, 56, 58, 37, 36, 35, 57, 31, 32, 9, 6, 8, 7, 12, 13, 15, 14, 21, 22, 51, 52, 41, 54, 27, 18, 16, 17, 19, 20, 28, 29, 30, 44, 46, 45, 38, 33, 11, 42, 40, 34, 25, 53, 47, 50, 10, 0]
49;361;[0, 55, 39, 49, 26, 48, 43, 38, 24, 23, 16, 17, 19, 20, 18, 27, 54, 41, 52, 51, 22, 21, 14, 15, 13, 12, 7, 8, 6, 9, 32, 31, 57, 35, 36, 37, 58, 56, 4, 5, 2, 3, 1, 45, 46, 44, 30, 29, 28, 33, 11, 42, 40, 34, 25, 53, 47, 50, 10, 0]
50;370;[0, 55, 39, 49, 26, 48, 23, 24, 1, 3, 2, 5, 4, 56, 58, 57, 35, 36, 37, 31, 32, 9, 6, 8, 7, 12, 13, 15, 14, 21, 22, 51, 52, 41, 54, 27, 18, 16, 17, 19, 20, 28, 29, 30, 44, 46, 45, 38, 43, 33, 11, 42, 40, 34, 25, 53, 47, 50, 10, 0]
51;362;[0, 55, 39, 49, 26, 48, 43, 38, 24, 23, 16, 17, 20, 19, 18, 27, 54, 41, 52, 51, 22, 21, 14, 15, 13, 12, 7, 8, 6, 9, 32, 31, 57, 35, 36, 37, 58, 56, 4, 2, 5, 3, 1, 45, 46, 44, 30, 29, 28, 33, 11, 42, 40, 34, 25, 53, 47, 50, 10, 0]
52;362;[0, 55, 39, 49, 26, 48, 43, 38, 24, 23, 16, 17, 19, 20, 18, 27, 54, 41, 52, 51, 22, 21, 14, 15, 13, 12, 7, 8, 6, 9, 31, 32, 37, 36, 35, 57, 58, 56, 4, 5, 2, 3, 1, 45, 46, 44, 30, 29, 28, 33, 11, 42, 40, 34, 25, 53, 47, 50, 10, 0]
53;361;[0, 55, 39, 49, 26, 48, 43, 38, 24, 23, 16, 17, 19, 20, 18, 27, 54, 41, 52, 51, 22, 21, 14, 15, 13, 12, 7, 8, 6, 9, 32, 31, 57, 35, 36, 37, 58, 56, 4, 5, 2, 3, 1, 45, 46, 44, 30, 29, 28, 33, 11, 42, 40, 34, 25, 53, 47, 50, 10, 0]
54;361;[0, 55, 39, 49, 26, 48, 43, 38, 24, 23, 16, 17, 19, 20, 18, 27, 54, 41, 52, 51, 22, 21, 14, 15, 13, 12, 7, 8, 6, 9, 32, 31, 57, 35, 36, 37, 58, 56, 4, 5, 2, 3, 1, 45, 46, 44, 30, 29, 28, 33, 11, 42, 40, 34, 25, 53, 47, 50, 10, 0]
55;386;[0, 55, 39, 49, 26, 48, 43, 38, 24, 23, 5, 4, 57, 32, 9, 6, 8, 15, 27, 54, 41, 52, 51, 22, 21, 14, 13, 12, 7, 31, 35, 36, 37, 58, 56, 2, 3, 1, 18, 20, 19, 17, 16, 45, 46, 44, 30, 29, 28, 33, 11, 42, 40, 34, 25, 53, 47, 50, 10, 0]
56;362;[0, 55, 39, 49, 26, 48, 43, 38, 24, 23, 16, 17, 19, 20, 18, 27, 54, 41, 52, 51, 22, 21, 14, 15, 13, 12, 7, 8, 6, 9, 32, 31, 36, 35, 37, 57, 58, 56, 4, 5, 2, 3, 1, 45, 46, 44, 30, 29, 28, 33, 11, 42, 40, 34, 25, 53, 47, 50, 10, 0]
57;361;[0, 55, 39, 49, 26, 48, 43, 38, 24, 23, 16, 17, 19, 20, 18, 27, 54, 41, 52, 51, 22, 21, 14, 15, 13, 12, 7, 8, 6, 9, 32, 31, 57, 35, 36, 37, 58, 56, 4, 5, 2, 3, 1, 45, 46, 44, 30, 29, 28, 33, 11, 42, 40, 34, 25, 53, 47, 50, 10, 0]
58;364;[0, 16, 17, 19, 20, 33, 11, 42, 40, 34, 25, 53, 47, 50, 10, 55, 39, 49, 26, 48, 43, 38, 28, 29, 30, 44, 46, 45, 23, 24, 1, 3, 2, 5, 4, 56, 58, 57, 35, 36, 37, 31, 32, 9, 6, 8, 7, 13, 12, 15, 14, 21, 22, 51, 52, 41, 54, 27, 18, 0]
59;362;[0, 55, 39, 49, 26, 48, 43, 38, 44, 46, 45, 24, 23, 5, 3, 1, 2, 4, 56, 58, 37, 36, 35, 57, 31, 32, 9, 6, 8, 7, 12, 13, 15, 14, 21, 22, 51, 52, 41, 54, 27, 18, 16, 17, 19, 20, 30, 29, 28, 33, 11, 42, 40, 34, 25, 53, 47, 50, 10, 0]
60;361;[0, 55, 39, 49, 26, 48, 43, 38, 24, 23, 16, 17, 19, 20, 18, 27, 54, 41, 52, 51, 22, 21, 14, 15, 13, 12, 7, 8, 6, 9, 32, 31, 57, 35, 36, 37, 58, 56, 4, 3, 1, 2, 5, 45, 46, 44, 30, 29, 28, 33, 11, 42, 40, 34, 25, 53, 47, 50, 10, 0]
61;367;[0, 55, 39, 49, 26, 48, 43, 38, 24, 23, 16, 17, 19, 20, 18, 27, 54, 41, 52, 51, 22, 21, 14, 15, 13, 12, 7, 8, 6, 9, 32, 31, 57, 35, 36, 37, 58, 56, 4, 5, 2, 3, 1, 45, 46, 44, 30, 29, 28, 34, 40, 42, 11, 25, 53, 33, 47, 50, 10, 0]
62;361;[0, 55, 39, 49, 26, 48, 43, 38, 24, 23, 16, 17, 19, 20, 18, 27, 54, 41, 52, 51, 22, 21, 14, 15, 13, 12, 7, 8, 6, 9, 32, 31, 57, 35, 36, 37, 58, 56, 4, 5, 2, 3, 1, 45, 46, 44, 30, 29, 28, 33, 11, 42, 40, 34, 25, 53, 47, 50, 10, 0]
63;369;[0, 55, 39, 49, 26, 48, 43, 24, 23, 5, 2, 1, 3, 4, 56, 58, 57, 35, 36, 37, 31, 32, 9, 6, 8, 7, 12, 13, 15, 14, 21, 22, 51, 52, 41, 54, 27, 18, 16, 17, 19, 20, 28, 29, 30, 44, 46, 45, 38, 33, 11, 42, 40, 34, 25, 53, 47, 50, 10, 0]
64;361;[0, 55, 39, 49, 26, 48, 43, 38, 24, 23, 16, 17, 19, 20, 18, 27, 54, 41, 52, 51, 22, 21, 14, 15, 13, 12, 7, 8, 6, 9, 32, 31, 57, 35, 36, 37, 58, 56, 4, 5, 2, 3, 1, 45, 46, 44, 30, 29, 28, 33, 11, 42, 40, 34, 25, 53, 47, 50, 10, 0]
65;368;[0, 55, 39, 49, 26, 48, 43, 38, 28, 29, 30, 44, 46, 45, 24, 23, 1, 3, 2, 5, 4, 56, 58, 37, 36, 35, 57, 31, 32, 9, 6, 8, 7, 12, 13, 15, 14, 21, 22, 51, 52, 41, 54, 27, 18, 16, 17, 19, 20, 33, 53, 11, 42, 40, 34, 25, 47, 50, 10, 0]
66;365;[0, 55, 39, 49, 26, 48, 43, 38, 24, 23, 16, 17, 19, 20, 18, 54, 41, 27, 51, 52, 22, 21, 14, 15, 13, 12, 7, 8, 6, 9, 32, 31, 57, 35, 36, 37, 58, 56, 4, 5, 2, 3, 1, 45, 46, 44, 30, 29, 28, 33, 11, 42, 40, 34, 25, 53, 47, 50, 10, 0]
67;365;[0, 55, 39, 49, 26, 48, 38, 43, 28, 29, 30, 44, 46, 45, 24, 23, 1, 3, 2, 5, 4, 56, 58, 37, 36, 35, 57, 31, 32, 9, 6, 8, 7, 12, 13, 15, 14, 21, 22, 51, 52, 41, 54, 27, 18, 16, 17, 19, 20, 33, 11, 42, 40, 34, 25, 53, 47, 50, 10, 0]
68;365;[0, 55, 39, 49, 26, 48, 43, 38, 45, 46, 44, 30, 29, 28, 20, 19, 17, 16, 18, 27, 54, 41, 52, 51, 22, 21, 14, 15, 13, 12, 7, 8, 6, 9, 32, 31, 37, 35, 36, 57, 58, 56, 4, 2, 1, 3, 5, 24, 23, 25, 53, 34, 40, 42, 11, 33, 47, 50, 10, 0]
69;396;[0, 55, 39, 49, 26, 48, 43, 38, 23, 24, 51, 52, 41, 54, 27, 13, 12, 7, 31, 32, 9, 6, 8, 15, 14, 21, 22, 16, 17, 19, 20, 18, 37, 36, 35, 57, 58, 56, 4, 5, 2, 3, 1, 45, 46, 44, 30, 29, 28, 33, 11, 42, 40, 34, 25, 53, 47, 50, 10, 0]
70;387;[0, 55, 39, 49, 26, 48, 43, 38, 24, 23, 18, 20, 19, 17, 16, 4, 37, 36, 35, 57, 32, 9, 6, 8, 7, 15, 14, 21, 22, 51, 52, 41, 54, 27, 13, 12, 31, 58, 56, 5, 2, 3, 1, 45, 46, 44, 30, 29, 28, 33, 11, 42, 40, 34, 25, 53, 47, 50, 10, 0]
71;377;[0, 55, 39, 49, 26, 48, 43, 38, 36, 35, 37, 9, 6, 8, 7, 14, 21, 22, 51, 52, 41, 54, 27, 15, 12, 13, 32, 31, 57, 58, 56, 4, 3, 1, 2, 5, 24, 23, 45, 46, 44, 30, 29, 28, 16, 17, 18, 19, 20, 33, 11, 42, 40, 34, 25, 53, 47, 50, 10, 0]
72;362;[0, 55, 39, 49, 26, 48, 43, 38, 24, 23, 16, 17, 19, 20, 18, 27, 54, 41, 52, 51, 22, 21, 14, 15, 13, 12, 7, 8, 6, 9, 32, 31, 37, 36, 35, 57, 56, 58, 4, 2, 5, 3, 1, 45, 46, 44, 30, 29, 28, 33, 11, 42, 40, 34, 25, 53, 47, 50, 10, 0]
73;363;[0, 55, 39, 49, 26, 48, 43, 38, 24, 23, 16, 17, 20, 19, 18, 27, 54, 41, 52, 51, 22, 21, 14, 15, 13, 12, 7, 8, 6, 9, 32, 31, 37, 36, 35, 57, 58, 56, 4, 5, 2, 3, 1, 45, 46, 44, 30, 29, 28, 33, 11, 42, 40, 34, 25, 53, 47, 50, 10, 0]
74;370;[0, 55, 39, 49, 26, 48, 43, 38, 24, 23, 1, 3, 2, 5, 4, 56, 58, 37, 36, 35, 57, 31, 32, 9, 6, 8, 7, 12, 13, 15, 14, 21, 22, 51, 52, 41, 54, 27, 18, 16, 17, 19, 20, 28, 29, 30, 44, 46, 45, 25, 34, 40, 42, 53, 11, 33, 47, 50, 10, 0]
75;371;[0, 55, 49, 26, 48, 43, 38, 24, 23, 16, 17, 19, 20, 18, 27, 54, 41, 52, 51, 22, 21, 14, 15, 13, 12, 7, 8, 6, 9, 32, 31, 57, 35, 36, 37, 58, 56, 4, 5, 2, 3, 1, 45, 46, 44, 30, 29, 28, 39, 33, 11, 42, 40, 34, 25, 53, 47, 50, 10, 0]
76;365;[0, 55, 39, 49, 26, 48, 43, 38, 24, 23, 5, 3, 1, 2, 4, 58, 56, 57, 37, 35, 36, 31, 32, 9, 6, 8, 7, 12, 13, 15, 14, 21, 22, 51, 52, 41, 54, 27, 18, 20, 19, 17, 16, 45, 46, 44, 30, 29, 28, 33, 11, 42, 40, 34, 25, 53, 47, 50, 10, 0]
77;361;[0, 55, 39, 49, 26, 48, 43, 38, 24, 23, 16, 17, 19, 20, 18, 27, 54, 41, 52, 51, 22, 21, 14, 15, 13, 12, 7, 8, 6, 9, 32, 31, 57, 35, 36, 37, 58, 56, 4, 5, 2, 3, 1, 45, 46, 44, 30, 29, 28, 33, 11, 42, 40, 34, 25, 53, 47, 50, 10, 0]
78;365;[0, 55, 39, 49, 26, 48, 43, 38, 24, 23, 1, 3, 2, 5, 4, 58, 56, 57, 35, 36, 37, 31, 32, 9, 6, 8, 7, 12, 13, 15, 14, 21, 22, 51, 52, 41, 54, 27, 18, 16, 17, 19, 20, 30, 44, 45, 46, 29, 28, 33, 11, 42, 40, 34, 25, 53, 47, 50, 10, 0]
79;391;[0, 55, 39, 49, 26, 48, 43, 38, 23, 24, 51, 52, 41, 54, 27, 13, 12, 7, 8, 6, 9, 15, 14, 21, 22, 16, 17, 19, 20, 18, 37, 35, 36, 57, 31, 32, 58, 56, 4, 5, 2, 3, 1, 45, 46, 44, 30, 29, 28, 33, 11, 42, 40, 34, 25, 53, 47, 50, 10, 0]
80;363;[0, 55, 39, 49, 26, 48, 43, 38, 24, 23, 16, 17, 20, 19, 18, 27, 54, 41, 52, 51, 22, 21, 14, 15, 13, 12, 7, 8, 6, 9, 32, 31, 36, 35, 37, 57, 58, 56, 4, 5, 2, 3, 1, 45, 46, 44, 30, 29, 28, 33, 11, 42, 40, 34, 25, 53, 47, 50, 10, 0]
81;361;[0, 55, 39, 49, 26, 48, 43, 38, 24, 23, 16, 17, 19, 20, 18, 27, 54, 41, 52, 51, 22, 21, 14, 15, 13, 12, 7, 8, 6, 9, 32, 31, 57, 35, 36, 37, 58, 56, 4, 5, 2, 3, 1, 45, 46, 44, 30, 29, 28, 33, 11, 42, 40, 34, 25, 53, 47, 50, 10, 0]
82;366;[0, 55, 39, 49, 26, 48, 43, 38, 24, 23, 16, 17, 20, 19, 18, 54, 41, 27, 51, 52, 22, 21, 14, 15, 13, 12, 7, 8, 6, 9, 32, 31, 57, 35, 36, 37, 58, 56, 4, 5, 2, 3, 1, 45, 46, 44, 30, 29, 28, 33, 11, 42, 40, 34, 25, 53, 47, 50, 10, 0]
83;365;[0, 55, 39, 49, 26, 48, 43, 38, 24, 23, 5, 2, 1, 3, 4, 56, 58, 37, 36, 35, 57, 31, 32, 9, 6, 8, 7, 12, 13, 15, 14, 21, 22, 51, 52, 41, 54, 27, 18, 20, 19, 17, 16, 45, 46, 44, 30, 29, 28, 33, 11, 42, 40, 34, 25, 53, 47, 50, 10, 0]
84;363;[0, 55, 39, 49, 26, 48, 43, 38, 44, 46, 45, 23, 24, 1, 3, 2, 5, 4, 56, 58, 37, 36, 35, 57, 31, 32, 9, 6, 8, 7, 12, 13, 15, 14, 21, 22, 51, 52, 41, 54, 27, 18, 16, 17, 19, 20, 30, 29, 28, 33, 11, 42, 40, 34, 25, 53, 47, 50, 10, 0]
85;369;[0, 55, 39, 49, 26, 43, 38, 48, 29, 30, 44, 46, 45, 23, 24, 1, 3, 2, 5, 4, 56, 58, 37, 36, 35, 57, 31, 32, 9, 6, 8, 7, 12, 13, 15, 14, 21, 22, 51, 52, 41, 54, 27, 18, 17, 16, 19, 20, 28, 33, 11, 42, 40, 34, 25, 53, 47, 50, 10, 0]
86;365;[0, 55, 39, 49, 26, 48, 43, 38, 45, 46, 44, 30, 29, 28, 20, 19, 17, 16, 18, 27, 54, 41, 52, 51, 22, 21, 14, 15, 13, 12, 7, 8, 6, 9, 32, 31, 57, 35, 36, 37, 58, 56, 4, 5, 2, 3, 1, 24, 23, 25, 53, 34, 40, 42, 11, 33, 47, 50, 10, 0]
87;382;[0, 55, 39, 49, 26, 48, 43, 38, 44, 46, 45, 24, 23, 1, 3, 2, 5, 4, 56, 58, 32, 6, 8, 7, 12, 13, 14, 21, 22, 51, 52, 41, 54, 27, 15, 9, 31, 57, 35, 36, 37, 16, 17, 19, 20, 18, 30, 29, 28, 33, 11, 42, 40, 34, 25, 53, 47, 50, 10, 0]
88;365;[0, 55, 39, 49, 26, 48, 43, 38, 24, 23, 5, 2, 1, 3, 4, 56, 58, 37, 36, 35, 57, 31, 32, 9, 6, 8, 7, 12, 13, 15, 14, 21, 22, 51, 52, 41, 54, 27, 18, 16, 17, 19, 20, 30, 45, 46, 44, 29, 28, 33, 11, 42, 40, 34, 25, 53, 47, 50, 10, 0]
89;368;[0, 55, 39, 49, 26, 48, 43, 38, 24, 23, 1, 3, 2, 5, 4, 56, 58, 37, 36, 35, 57, 31, 32, 9, 6, 8, 7, 12, 13, 15, 14, 21, 22, 51, 52, 41, 54, 27, 18, 16, 17, 19, 20, 28, 29, 30, 44, 46, 45, 25, 53, 34, 40, 42, 11, 33, 47, 50, 10, 0]
90;372;[0, 55, 49, 26, 48, 43, 38, 24, 23, 16, 17, 19, 20, 18, 27, 54, 41, 52, 51, 22, 21, 14, 15, 13, 12, 7, 8, 6, 9, 31, 32, 37, 36, 35, 57, 58, 56, 4, 5, 2, 3, 1, 45, 46, 44, 30, 29, 28, 39, 33, 11, 42, 40, 34, 25, 53, 47, 50, 10, 0]
91;363;[0, 55, 39, 49, 26, 48, 43, 38, 44, 46, 45, 23, 24, 1, 2, 3, 5, 4, 56, 58, 37, 36, 35, 57, 31, 32, 9, 6, 8, 7, 12, 13, 15, 14, 21, 22, 51, 52, 41, 54, 27, 18, 16, 17, 19, 20, 30, 29, 28, 33, 11, 42, 40, 34, 25, 53, 47, 50, 10, 0]
92;369;[0, 55, 39, 49, 26, 48, 43, 38, 23, 24, 51, 52, 41, 54, 27, 22, 21, 14, 15, 13, 12, 7, 8, 6, 9, 32, 31, 57, 35, 36, 37, 58, 56, 4, 5, 2, 3, 1, 45, 46, 44, 30, 29, 28, 16, 17, 18, 19, 20, 33, 53, 11, 42, 40, 34, 25, 47, 50, 10, 0]
93;361;[0, 55, 39, 49, 26, 48, 43, 38, 24, 23, 16, 17, 19, 20, 18, 27, 54, 41, 52, 51, 22, 21, 14, 15, 13, 12, 7, 8, 6, 9, 32, 31, 57, 35, 36, 37, 58, 56, 4, 5, 3, 2, 1, 45, 46, 44, 30, 29, 28, 33, 11, 42, 40, 34, 25, 53, 47, 50, 10, 0]
94;370;[0, 55, 39, 49, 26, 48, 43, 24, 23, 5, 3, 1, 2, 4, 56, 58, 37, 36, 35, 57, 31, 32, 9, 6, 8, 7, 12, 13, 15, 14, 21, 22, 51, 52, 41, 54, 27, 18, 16, 17, 19, 20, 28, 29, 30, 44, 46, 45, 38, 33, 11, 42, 40, 34, 25, 53, 47, 50, 10, 0]
95;364;[0, 55, 39, 49, 26, 48, 43, 38, 24, 23, 5, 2, 1, 3, 4, 56, 58, 57, 35, 36, 37, 31, 32, 9, 6, 8, 7, 12, 13, 15, 14, 21, 22, 51, 52, 41, 54, 27, 18, 16, 17, 19, 20, 44, 46, 45, 30, 29, 28, 33, 11, 42, 40, 34, 25, 53, 47, 50, 10, 0]
96;362;[0, 55, 39, 49, 26, 48, 43, 38, 24, 23, 16, 17, 20, 19, 18, 27, 54, 41, 52, 51, 22, 21, 14, 15, 13, 12, 7, 8, 6, 9, 32, 31, 57, 35, 36, 37, 58, 56, 4, 5, 2, 3, 1, 45, 46, 44, 30, 29, 28, 33, 11, 42, 40, 34, 25, 53, 47, 50, 10, 0]
97;362;[0, 55, 39, 49, 26, 48, 43, 38, 24, 23, 16, 17, 19, 20, 18, 27, 54, 41, 52, 51, 22, 21, 14, 15, 13, 12, 7, 8, 6, 9, 32, 31, 37, 36, 35, 57, 58, 56, 4, 3, 1, 2, 5, 45, 46, 44, 30, 29, 28, 33, 11, 42, 40, 34, 25, 53, 47, 50, 10, 0]
98;361;[0, 55, 39, 49, 26, 48, 43, 38, 24, 23, 16, 17, 19, 20, 18, 27, 54, 41, 52, 51, 22, 21, 14, 15, 13, 12, 7, 8, 6, 9, 32, 31, 57, 35, 36, 37, 58, 56, 4, 5, 2, 3, 1, 45, 46, 44, 30, 29, 28, 33, 11, 42, 40, 34, 25, 53, 47, 50, 10, 0]
99;367;[0, 31, 32, 9, 6, 8, 7, 12, 13, 15, 14, 21, 22, 51, 52, 41, 54, 27, 18, 20, 19, 17, 16, 23, 24, 38, 43, 48, 26, 49, 39, 55, 10, 50, 47, 53, 25, 34, 40, 42, 11, 33, 28, 29, 30, 44, 46, 45, 1, 3, 2, 5, 4, 56, 58, 57, 35, 36, 37, 0]
100;370;[0, 55, 39, 49, 26, 48, 43, 24, 23, 5, 3, 1, 2, 4, 58, 56, 36, 35, 37, 57, 31, 32, 9, 6, 8, 7, 12, 13, 15, 14, 21, 22, 51, 52, 41, 54, 27, 18, 16, 17, 19, 20, 28, 29, 30, 44, 46, 45, 38, 33, 11, 42, 40, 34, 25, 53, 47, 50, 10, 0]
101;361;[0, 55, 39, 49, 26, 48, 43, 38, 24, 23, 16, 17, 19, 20, 18, 27, 54, 41, 52, 51, 22, 21, 14, 15, 13, 12, 7, 8, 6, 9, 32, 31, 57, 35, 36, 37, 58, 56, 4, 5, 2, 3, 1, 45, 46, 44, 30, 29, 28, 33, 11, 42, 40, 34, 25, 53, 47, 50, 10, 0]
102;364;[0, 55, 39, 49, 26, 48, 43, 38, 28, 29, 30, 44, 46, 45, 23, 24, 5, 3, 1, 2, 4, 56, 58, 37, 36, 35, 57, 31, 32, 9, 6, 8, 7, 12, 13, 15, 14, 21, 22, 51, 52, 41, 54, 27, 18, 16, 17, 19, 20, 33, 11, 42, 40, 34, 25, 53, 47, 50, 10, 0]
103;363;[0, 55, 39, 49, 26, 48, 43, 38, 44, 46, 45, 23, 24, 1, 3, 2, 5, 4, 56, 58, 37, 36, 35, 57, 31, 32, 9, 6, 8, 7, 12, 13, 15, 14, 21, 22, 51, 52, 41, 54, 27, 18, 16, 17, 19, 20, 30, 29, 28, 33, 11, 42, 40, 34, 25, 53, 47, 50, 10, 0]
104;361;[0, 55, 39, 49, 26, 48, 43, 38, 24, 23, 16, 17, 19, 20, 18, 27, 54, 41, 52, 51, 22, 21, 14, 15, 13, 12, 7, 8, 6, 9, 32, 31, 57, 35, 36, 37, 58, 56, 4, 3, 1, 2, 5, 45, 46, 44, 30, 29, 28, 33, 11, 42, 40, 34, 25, 53, 47, 50, 10, 0]
105;373;[0, 42, 11, 33, 39, 28, 29, 30, 44, 46, 45, 24, 23, 16, 17, 19, 20, 18, 27, 54, 41, 52, 51, 22, 21, 14, 15, 13, 12, 7, 8, 6, 9, 32, 31, 57, 35, 36, 37, 58, 56, 4, 5, 2, 3, 1, 38, 43, 48, 26, 49, 55, 10, 50, 47, 53, 25, 34, 40, 0]
106;370;[0, 55, 39, 49, 26, 48, 43, 38, 24, 23, 1, 3, 2, 5, 4, 56, 58, 37, 36, 35, 57, 31, 32, 9, 6, 8, 7, 12, 13, 15, 14, 21, 22, 51, 52, 41, 54, 27, 45, 46, 44, 30, 29, 28, 18, 16, 17, 19, 20, 33, 11, 42, 40, 34, 25, 53, 47, 50, 10, 0]
107;372;[0, 55, 39, 49, 26, 48, 43, 38, 24, 23, 37, 36, 35, 57, 1, 3, 2, 5, 4, 56, 58, 31, 32, 9, 6, 8, 7, 13, 12, 15, 14, 21, 22, 51, 52, 41, 54, 27, 18, 20, 19, 17, 16, 45, 46, 44, 30, 29, 28, 33, 11, 42, 40, 34, 25, 53, 47, 50, 10, 0]
108;366;[0, 55, 39, 49, 26, 48, 43, 38, 3, 1, 2, 5, 4, 58, 56, 57, 35, 36, 37, 31, 32, 9, 6, 8, 7, 12, 13, 15, 14, 21, 22, 51, 52, 41, 54, 27, 18, 20, 19, 17, 16, 24, 23, 45, 46, 44, 30, 29, 28, 33, 11, 42, 40, 34, 25, 53, 47, 50, 10, 0]
109;367;[0, 55, 39, 49, 26, 48, 43, 38, 23, 24, 51, 52, 41, 54, 27, 22, 21, 14, 15, 13, 12, 7, 8, 6, 9, 32, 31, 37, 36, 35, 57, 58, 56, 4, 3, 1, 2, 5, 45, 46, 44, 30, 29, 28, 18, 16, 17, 19, 20, 33, 11, 42, 40, 34, 25, 53, 47, 50, 10, 0]
110;362;[0, 55, 39, 49, 26, 48, 43, 38, 24, 23, 16, 17, 20, 19, 18, 27, 54, 41, 52, 51, 22, 21, 14, 15, 13, 12, 7, 8, 6, 9, 32, 31, 57, 35, 36, 37, 58, 56, 4, 5, 3, 2, 1, 45, 46, 44, 30, 29, 28, 33, 11, 42, 40, 34, 25, 53, 47, 50, 10, 0]
111;361;[0, 55, 39, 49, 26, 48, 43, 38, 24, 23, 16, 17, 19, 20, 18, 27, 54, 41, 52, 51, 22, 21, 14, 15, 13, 12, 7, 8, 6, 9, 32, 31, 57, 35, 36, 37, 58, 56, 4, 5, 2, 3, 1, 45, 46, 44, 30, 29, 28, 33, 11, 42, 40, 34, 25, 53, 47, 50, 10, 0]
112;363;[0, 55, 39, 49, 26, 48, 43, 38, 44, 46, 45, 24, 23, 1, 3, 2, 5, 4, 56, 58, 37, 36, 35, 57, 31, 32, 9, 6, 8, 7, 12, 13, 15, 14, 21, 22, 51, 52, 41, 54, 27, 18, 16, 17, 19, 20, 30, 29, 28, 33, 11, 42, 40, 34, 25, 53, 47, 50, 10, 0]
113;366;[0, 55, 39, 49, 26, 48, 43, 38, 23, 24, 51, 52, 41, 54, 27, 22, 21, 14, 15, 13, 12, 7, 8, 6, 9, 32, 31, 57, 35, 36, 37, 58, 56, 4, 3, 1, 2, 5, 45, 46, 44, 30, 29, 28, 16, 17, 18, 19, 20, 33, 11, 42, 40, 34, 25, 53, 47, 50, 10, 0]
114;362;[0, 55, 39, 49, 26, 48, 43, 38, 24, 23, 16, 17, 19, 20, 18, 27, 54, 41, 52, 51, 22, 21, 14, 15, 13, 12, 7, 8, 6, 9, 32, 31, 37, 36, 35, 57, 56, 58, 4, 3, 1, 2, 5, 45, 46, 44, 30, 29, 28, 33, 11, 42, 40, 34, 25, 53, 47, 50, 10, 0]
115;362;[0, 55, 39, 49, 26, 48, 43, 38, 24, 23, 16, 17, 19, 20, 18, 27, 54, 41, 52, 51, 22, 21, 14, 15, 13, 12, 7, 8, 6, 9, 31, 32, 37, 36, 35, 57, 58, 56, 4, 5, 2, 3, 1, 45, 46, 44, 30, 29, 28, 33, 11, 42, 40, 34, 25, 53, 47, 50, 10, 0]
116;365;[0, 55, 39, 49, 26, 48, 43, 38, 24, 23, 5, 3, 1, 2, 4, 58, 56, 36, 35, 37, 57, 31, 32, 9, 6, 8, 7, 12, 13, 15, 14, 21, 22, 51, 52, 41, 54, 27, 18, 20, 19, 17, 16, 45, 46, 44, 30, 29, 28, 33, 11, 42, 40, 34, 25, 53, 47, 50, 10, 0]
117;362;[0, 55, 39, 49, 26, 48, 43, 38, 24, 23, 16, 17, 19, 20, 18, 27, 54, 41, 52, 51, 22, 21, 14, 15, 13, 12, 7, 8, 6, 9, 32, 31, 37, 36, 35, 57, 56, 58, 4, 5, 2, 3, 1, 45, 46, 44, 30, 29, 28, 33, 11, 42, 40, 34, 25, 53, 47, 50, 10, 0]
118;363;[0, 55, 39, 49, 26, 48, 43, 38, 44, 46, 45, 24, 23, 1, 3, 2, 5, 4, 56, 58, 37, 36, 35, 57, 31, 32, 9, 6, 8, 7, 12, 13, 15, 14, 21, 22, 51, 52, 41, 54, 27, 18, 16, 17, 19, 20, 30, 29, 28, 33, 11, 42, 40, 34, 25, 53, 47, 50, 10, 0]
119;370;[0, 55, 39, 49, 26, 48, 43, 38, 24, 23, 1, 3, 2, 5, 4, 56, 58, 37, 36, 35, 57, 31, 32, 9, 6, 8, 7, 12, 13, 15, 14, 21, 22, 51, 52, 41, 54, 27, 18, 16, 17, 19, 20, 28, 44, 46, 45, 30, 29, 33, 53, 11, 42, 40, 34, 25, 47, 50, 10, 0]
120;361;[0, 55, 39, 49, 26, 48, 43, 38, 24, 23, 16, 17, 19, 20, 18, 27, 54, 41, 52, 51, 22, 21, 14, 15, 13, 12, 7, 8, 6, 9, 32, 31, 57, 35, 36, 37, 58, 56, 4, 5, 2, 3, 1, 45, 46, 44, 30, 29, 28, 33, 11, 42, 40, 34, 25, 53, 47, 50, 10, 0]
121;394;[0, 55, 39, 49, 26, 48, 43, 38, 23, 24, 51, 52, 41, 54, 27, 18, 20, 19, 17, 16, 37, 36, 35, 57, 31, 32, 9, 6, 8, 22, 21, 14, 15, 13, 12, 7, 58, 56, 4, 5, 2, 3, 1, 45, 46, 44, 30, 29, 28, 33, 11, 42, 40, 34, 25, 53, 47, 50, 10, 0]
122;387;[0, 55, 39, 49, 26, 48, 43, 38, 45, 46, 44, 30, 29, 28, 20, 19, 17, 16, 18, 23, 24, 5, 3, 1, 2, 4, 58, 56, 57, 31, 32, 9, 6, 14, 21, 22, 51, 52, 41, 54, 27, 15, 13, 12, 7, 8, 37, 35, 36, 33, 11, 42, 40, 34, 25, 53, 47, 50, 10, 0]
123;361;[0, 55, 39, 49, 26, 48, 43, 38, 24, 23, 16, 17, 19, 20, 18, 27, 54, 41, 52, 51, 22, 21, 14, 15, 13, 12, 7, 8, 6, 9, 32, 31, 57, 35, 36, 37, 58, 56, 4, 5, 2, 3, 1, 45, 46, 44, 30, 29, 28, 33, 11, 42, 40, 34, 25, 53, 47, 50, 10, 0]
124;377;[0, 55, 39, 49, 26, 23, 24, 37, 36, 35, 57, 1, 3, 2, 5, 4, 56, 58, 31, 32, 9, 6, 8, 7, 13, 12, 15, 14, 21, 22, 51, 52, 41, 54, 27, 18, 16, 17, 19, 20, 28, 29, 30, 44, 46, 45, 38, 43, 48, 33, 11, 42, 40, 34, 25, 53, 47, 50, 10, 0]
125;361;[0, 55, 39, 49, 26, 48, 43, 38, 24, 23, 16, 17, 19, 20, 18, 27, 54, 41, 52, 51, 22, 21, 14, 15, 13, 12, 7, 8, 6, 9, 31, 32, 57, 35, 36, 37, 58, 56, 4, 2, 5, 3, 1, 45, 46, 44, 30, 29, 28, 33, 11, 42, 40, 34, 25, 53, 47, 50, 10, 0]
126;361;[0, 55, 39, 49, 26, 48, 43, 38, 24, 23, 16, 17, 19, 20, 18, 27, 54, 41, 52, 51, 22, 21, 14, 15, 13, 12, 7, 8, 6, 9, 32, 31, 57, 35, 36, 37, 58, 56, 4, 5, 2, 3, 1, 45, 46, 44, 30, 29, 28, 33, 11, 42, 40, 34, 25, 53, 47, 50, 10, 0]
127;361;[0, 55, 39, 49, 26, 48, 43, 38, 24, 23, 16, 17, 19, 20, 18, 27, 54, 41, 52, 51, 22, 21, 14, 15, 13, 12, 7, 8, 6, 9, 32, 31, 57, 35, 36, 37, 58, 56, 4, 5, 2, 3, 1, 45, 46, 44, 30, 29, 28, 33, 11, 42, 40, 34, 25, 53, 47, 50, 10, 0]
128;361;[0, 55, 39, 49, 26, 48, 43, 38, 24, 23, 16, 17, 19, 20, 18, 27, 54, 41, 52, 51, 22, 21, 14, 15, 13, 12, 7, 8, 6, 9, 32, 31, 57, 35, 36, 37, 58, 56, 4, 5, 2, 3, 1, 45, 46, 44, 30, 29, 28, 33, 11, 42, 40, 34, 25, 53, 47, 50, 10, 0]
129;361;[0, 55, 39, 49, 26, 48, 43, 38, 24, 23, 16, 17, 19, 20, 18, 27, 54, 41, 52, 51, 22, 21, 14, 15, 13, 12, 7, 8, 6, 9, 32, 31, 57, 35, 36, 37, 58, 56, 4, 5, 2, 3, 1, 45, 46, 44, 30, 29, 28, 33, 11, 42, 40, 34, 25, 53, 47, 50, 10, 0]
130;375;[0, 55, 49, 26, 48, 43, 38, 24, 23, 5, 2, 1, 3, 4, 58, 56, 36, 35, 37, 57, 31, 32, 9, 6, 8, 7, 13, 12, 15, 14, 21, 22, 51, 52, 41, 54, 27, 18, 16, 17, 19, 20, 30, 44, 45, 46, 29, 28, 39, 33, 11, 42, 40, 34, 25, 53, 47, 50, 10, 0]
131;361;[0, 55, 39, 49, 26, 48, 43, 38, 24, 23, 16, 17, 19, 20, 18, 27, 54, 41, 52, 51, 22, 21, 14, 15, 13, 12, 7, 8, 6, 9, 32, 31, 57, 35, 36, 37, 58, 56, 4, 5, 2, 3, 1, 45, 46, 44, 30, 29, 28, 33, 11, 42, 40, 34, 25, 53, 47, 50, 10, 0]
132;363;[0, 55, 39, 49, 26, 48, 43, 38, 24, 23, 16, 17, 20, 19, 18, 27, 54, 41, 52, 51, 22, 21, 14, 15, 13, 12, 7, 8, 6, 9, 32, 31, 37, 36, 35, 57, 58, 56, 4, 5, 2, 3, 1, 45, 46, 44, 30, 29, 28, 33, 11, 42, 40, 34, 25, 53, 47, 50, 10, 0]
133;365;[0, 55, 39, 49, 26, 48, 43, 38, 24, 23, 5, 2, 1, 3, 4, 56, 58, 37, 36, 35, 57, 31, 32, 9, 6, 8, 7, 12, 13, 15, 14, 21, 22, 51, 52, 41, 54, 27, 18, 16, 17, 19, 20, 30, 44, 45, 46, 29, 28, 33, 11, 42, 40, 34, 25, 53, 47, 50, 10, 0]
134;362;[0, 55, 39, 49, 26, 48, 43, 38, 24, 23, 16, 17, 20, 19, 18, 27, 54, 41, 52, 51, 22, 21, 14, 15, 13, 12, 7, 8, 6, 9, 32, 31, 57, 35, 36, 37, 58, 56, 4, 2, 5, 3, 1, 45, 46, 44, 30, 29, 28, 33, 11, 42, 40, 34, 25, 53, 47, 50, 10, 0]
135;390;[0, 55, 39, 49, 26, 48, 43, 38, 45, 46, 44, 30, 29, 28, 20, 19, 17, 16, 18, 1, 3, 2, 4, 56, 58, 37, 36, 35, 57, 31, 32, 9, 6, 7, 12, 13, 14, 21, 22, 51, 52, 41, 54, 27, 15, 8, 5, 24, 23, 25, 53, 34, 40, 42, 11, 33, 47, 50, 10, 0]
136;368;[0, 10, 55, 39, 49, 26, 48, 43, 38, 24, 23, 5, 2, 1, 3, 4, 58, 56, 57, 35, 36, 37, 31, 32, 9, 6, 8, 7, 12, 13, 15, 14, 21, 22, 51, 52, 41, 54, 27, 45, 46, 44, 30, 29, 28, 16, 17, 18, 19, 20, 33, 11, 42, 40, 34, 25, 53, 47, 50, 0]
137;362;[0, 55, 39, 49, 26, 48, 43, 38, 24, 23, 16, 17, 19, 20, 18, 27, 54, 41, 52, 51, 22, 21, 14, 15, 13, 12, 7, 8, 6, 9, 32, 31, 37, 36, 35, 57, 58, 56, 4, 5, 2, 3, 1, 45, 46, 44, 30, 29, 28, 33, 11, 42, 40, 34, 25, 53, 47, 50, 10, 0]
138;361;[0, 55, 39, 49, 26, 48, 43, 38, 24, 23, 16, 17, 19, 20, 18, 27, 54, 41, 52, 51, 22, 21, 14, 15, 13, 12, 7, 8, 6, 9, 32, 31, 57, 35, 36, 37, 58, 56, 4, 5, 3, 2, 1, 45, 46, 44, 30, 29, 28, 33, 11, 42, 40, 34, 25, 53, 47, 50, 10, 0]
139;368;[0, 55, 39, 49, 26, 48, 43, 38, 24, 23, 1, 3, 2, 5, 4, 56, 58, 37, 36, 35, 57, 31, 32, 9, 6, 8, 7, 12, 13, 15, 14, 21, 22, 51, 52, 41, 54, 27, 18, 16, 17, 19, 20, 28, 29, 30, 44, 46, 45, 25, 53, 34, 40, 42, 11, 33, 47, 50, 10, 0]
140;371;[0, 55, 39, 49, 26, 23, 24, 1, 3, 2, 5, 4, 56, 58, 37, 36, 35, 57, 31, 32, 9, 6, 8, 7, 12, 13, 15, 14, 21, 22, 51, 52, 41, 54, 27, 18, 16, 17, 19, 20, 28, 29, 30, 44, 46, 45, 38, 43, 48, 33, 11, 42, 40, 34, 25, 53, 47, 50, 10, 0]
141;361;[0, 55, 39, 49, 26, 48, 43, 38, 24, 23, 16, 17, 19, 20, 18, 27, 54, 41, 52, 51, 22, 21, 14, 15, 13, 12, 7, 8, 6, 9, 32, 31, 57, 35, 36, 37, 58, 56, 4, 5, 2, 3, 1, 45, 46, 44, 30, 29, 28, 33, 11, 42, 40, 34, 25, 53, 47, 50, 10, 0]
142;361;[0, 55, 39, 49, 26, 48, 43, 38, 24, 23, 16, 17, 19, 20, 18, 27, 54, 41, 52, 51, 22, 21, 14, 15, 13, 12, 7, 8, 6, 9, 32, 31, 57, 35, 36, 37, 58, 56, 4, 5, 2, 3, 1, 45, 46, 44, 30, 29, 28, 33, 11, 42, 40, 34, 25, 53, 47, 50, 10, 0]
143;365;[0, 55, 39, 49, 26, 48, 43, 38, 28, 29, 30, 44, 46, 45, 23, 24, 1, 3, 2, 5, 4, 56, 58, 37, 36, 35, 57, 31, 32, 9, 6, 8, 7, 12, 13, 15, 14, 21, 22, 51, 52, 41, 54, 27, 18, 16, 17, 19, 20, 33, 11, 42, 40, 34, 25, 53, 47, 50, 10, 0]
144;362;[0, 55, 39, 49, 26, 48, 43, 38, 24, 23, 16, 17, 19, 20, 18, 27, 54, 41, 52, 51, 22, 21, 14, 15, 13, 12, 7, 8, 6, 9, 32, 31, 37, 36, 35, 57, 58, 56, 4, 5, 2, 3, 1, 45, 46, 44, 30, 29, 28, 33, 11, 42, 40, 34, 25, 53, 47, 50, 10, 0]
145;365;[0, 55, 39, 49, 26, 48, 43, 38, 24, 23, 5, 2, 1, 3, 4, 58, 56, 36, 35, 37, 57, 31, 32, 9, 6, 8, 7, 12, 13, 15, 14, 21, 22, 51, 52, 41, 54, 27, 18, 20, 19, 17, 16, 45, 46, 44, 30, 29, 28, 33, 11, 42, 40, 34, 25, 53, 47, 50, 10, 0]
146;366;[0, 55, 39, 49, 26, 48, 43, 38, 23, 24, 51, 52, 41, 54, 27, 22, 21, 14, 15, 13, 12, 7, 8, 6, 9, 32, 31, 57, 35, 36, 37, 58, 56, 4, 5, 2, 3, 1, 45, 46, 44, 30, 29, 28, 16, 17, 18, 19, 20, 33, 11, 42, 40, 34, 25, 53, 47, 50, 10, 0]
147;365;[0, 55, 39, 49, 26, 48, 43, 38, 28, 29, 30, 44, 46, 45, 23, 24, 1, 3, 2, 5, 4, 56, 58, 37, 36, 35, 57, 31, 32, 9, 6, 8, 7, 12, 13, 15, 14, 21, 22, 51, 52, 41, 54, 27, 18, 16, 17, 19, 20, 33, 11, 42, 40, 34, 25, 53, 47, 50, 10, 0]
148;365;[0, 55, 39, 49, 26, 48, 43, 38, 24, 23, 5, 3, 1, 2, 4, 56, 58, 37, 36, 35, 57, 31, 32, 9, 6, 8, 7, 12, 13, 15, 14, 21, 22, 51, 52, 41, 54, 27, 18, 20, 19, 17, 16, 45, 46, 44, 30, 29, 28, 33, 11, 42, 40, 34, 25, 53, 47, 50, 10, 0]
149;365;[0, 55, 39, 49, 26, 48, 43, 38, 24, 23, 5, 3, 1, 2, 4, 56, 58, 36, 35, 37, 57, 31, 32, 9, 6, 8, 7, 12, 13, 15, 14, 21, 22, 51, 52, 41, 54, 27, 18, 20, 19, 17, 16, 45, 46, 44, 30, 29, 28, 33, 11, 42, 40, 34, 25, 53, 47, 50, 10, 0]
150;367;[0, 55, 39, 49, 26, 48, 43, 38, 45, 46, 44, 30, 29, 28, 20, 19, 17, 16, 18, 27, 54, 41, 52, 51, 22, 21, 14, 15, 13, 12, 7, 8, 6, 9, 32, 31, 57, 37, 35, 36, 56, 58, 4, 3, 1, 2, 5, 24, 23, 25, 34, 40, 42, 11, 53, 33, 47, 50, 10, 0]
151;365;[0, 55, 39, 49, 26, 48, 43, 38, 24, 23, 5, 2, 1, 3, 4, 56, 58, 37, 36, 35, 57, 31, 32, 9, 6, 8, 7, 13, 12, 15, 14, 21, 22, 51, 52, 41, 54, 27, 18, 16, 17, 19, 20, 44, 46, 45, 30, 29, 28, 33, 11, 42, 40, 34, 25, 53, 47, 50, 10, 0]
152;363;[0, 55, 39, 49, 26, 48, 43, 38, 44, 46, 45, 24, 23, 1, 3, 2, 5, 4, 56, 58, 37, 36, 35, 57, 31, 32, 9, 6, 8, 7, 12, 13, 15, 14, 21, 22, 51, 52, 41, 54, 27, 18, 17, 16, 19, 20, 30, 29, 28, 33, 11, 42, 40, 34, 25, 53, 47, 50, 10, 0]
153;364;[0, 55, 39, 49, 26, 48, 43, 38, 24, 23, 16, 17, 19, 20, 18, 27, 54, 41, 52, 51, 22, 21, 14, 15, 13, 12, 7, 8, 6, 9, 32, 31, 57, 35, 36, 37, 58, 56, 4, 2, 1, 3, 5, 45, 46, 44, 30, 29, 28, 33, 53, 11, 42, 40, 34, 25, 47, 50, 10, 0]
154;366;[0, 55, 39, 49, 26, 48, 43, 38, 23, 24, 51, 52, 41, 54, 27, 22, 21, 14, 15, 13, 12, 7, 8, 6, 9, 32, 31, 57, 35, 36, 37, 58, 56, 4, 5, 2, 3, 1, 45, 46, 44, 30, 29, 28, 18, 16, 17, 19, 20, 33, 11, 42, 40, 34, 25, 53, 47, 50, 10, 0]
155;371;[0, 55, 49, 26, 48, 43, 38, 24, 23, 16, 17, 19, 20, 18, 27, 54, 41, 52, 51, 22, 21, 14, 15, 13, 12, 7, 8, 6, 9, 32, 31, 57, 35, 36, 37, 58, 56, 4, 5, 2, 3, 1, 45, 46, 44, 30, 29, 28, 39, 33, 11, 42, 40, 34, 25, 53, 47, 50, 10, 0]
156;361;[0, 55, 39, 49, 26, 48, 43, 38, 24, 23, 16, 17, 19, 20, 18, 27, 54, 41, 52, 51, 22, 21, 14, 15, 13, 12, 7, 8, 6, 9, 32, 31, 57, 35, 36, 37, 58, 56, 4, 5, 2, 3, 1, 45, 46, 44, 30, 29, 28, 33, 11, 42, 40, 34, 25, 53, 47, 50, 10, 0]
157;368;[0, 55, 39, 49, 26, 48, 43, 38, 24, 23, 5, 2, 1, 3, 4, 56, 58, 36, 35, 37, 57, 31, 32, 9, 6, 8, 7, 12, 13, 15, 14, 21, 22, 51, 52, 41, 54, 27, 18, 20, 19, 17, 16, 45, 46, 44, 30, 29, 28, 33, 53, 11, 42, 40, 34, 25, 47, 50, 10, 0]
158;361;[0, 55, 39, 49, 26, 48, 43, 38, 24, 23, 16, 17, 19, 20, 18, 27, 54, 41, 52, 51, 22, 21, 14, 15, 13, 12, 7, 8, 6, 9, 32, 31, 57, 35, 36, 37, 58, 56, 4, 5, 2, 3, 1, 45, 46, 44, 30, 29, 28, 33, 11, 42, 40, 34, 25, 53, 47, 50, 10, 0]
159;361;[0, 55, 39, 49, 26, 48, 43, 38, 24, 23, 16, 17, 19, 20, 18, 27, 54, 41, 52, 51, 22, 21, 14, 15, 13, 12, 7, 8, 6, 9, 32, 31, 57, 35, 36, 37, 58, 56, 4, 2, 1, 3, 5, 45, 46, 44, 30, 29, 28, 33, 11, 42, 40, 34, 25, 53, 47, 50, 10, 0]
160;364;[0, 55, 39, 49, 26, 48, 43, 38, 24, 23, 5, 3, 1, 2, 4, 56, 58, 57, 35, 36, 37, 31, 32, 9, 6, 8, 7, 12, 13, 15, 14, 21, 22, 51, 52, 41, 54, 27, 18, 16, 17, 19, 20, 30, 44, 45, 46, 29, 28, 33, 11, 42, 40, 34, 25, 53, 47, 50, 10, 0]
161;365;[0, 55, 39, 49, 26, 48, 43, 38, 28, 29, 30, 44, 46, 45, 24, 23, 1, 3, 2, 5, 4, 56, 58, 37, 36, 35, 57, 31, 32, 9, 6, 8, 7, 12, 13, 15, 14, 21, 22, 51, 52, 41, 54, 27, 18, 16, 17, 19, 20, 33, 11, 42, 40, 34, 25, 53, 47, 50, 10, 0]
162;366;[0, 55, 39, 49, 26, 48, 43, 38, 23, 24, 51, 52, 41, 54, 27, 22, 21, 14, 15, 13, 12, 7, 8, 6, 9, 31, 32, 57, 35, 36, 37, 58, 56, 4, 5, 2, 3, 1, 45, 46, 44, 30, 29, 28, 16, 17, 18, 19, 20, 33, 11, 42, 40, 34, 25, 53, 47, 50, 10, 0]
163;361;[0, 55, 39, 49, 26, 48, 43, 38, 24, 23, 16, 17, 19, 20, 18, 27, 54, 41, 52, 51, 22, 21, 14, 15, 13, 12, 7, 8, 6, 9, 32, 31, 57, 35, 36, 37, 58, 56, 4, 5, 2, 3, 1, 45, 46, 44, 30, 29, 28, 33, 11, 42, 40, 34, 25, 53, 47, 50, 10, 0]
164;361;[0, 55, 39, 49, 26, 48, 43, 38, 24, 23, 16, 17, 19, 20, 18, 27, 54, 41, 52, 51, 22, 21, 14, 15, 13, 12, 7, 8, 6, 9, 32, 31, 57, 35, 36, 37, 58, 56, 4, 5, 2, 3, 1, 45, 46, 44, 30, 29, 28, 33, 11, 42, 40, 34, 25, 53, 47, 50, 10, 0]
165;365;[0, 55, 39, 49, 26, 48, 43, 38, 28, 29, 30, 44, 46, 45, 24, 23, 1, 3, 2, 5, 4, 56, 58, 37, 36, 35, 57, 31, 32, 9, 6, 8, 7, 12, 13, 15, 14, 21, 22, 51, 52, 41, 54, 27, 18, 16, 17, 19, 20, 33, 11, 42, 40, 34, 25, 53, 47, 50, 10, 0]
166;386;[0, 55, 39, 49, 26, 48, 43, 38, 45, 46, 44, 30, 29, 28, 20, 19, 17, 16, 18, 23, 24, 1, 3, 2, 5, 4, 56, 58, 37, 36, 35, 57, 31, 32, 9, 6, 8, 7, 12, 13, 14, 21, 22, 51, 52, 41, 54, 27, 15, 53, 25, 34, 40, 42, 11, 33, 47, 50, 10, 0]
167;365;[0, 13, 12, 7, 8, 6, 9, 32, 31, 57, 35, 36, 37, 58, 56, 4, 5, 2, 3, 1, 24, 23, 25, 53, 34, 40, 42, 11, 33, 47, 50, 10, 55, 39, 49, 26, 48, 43, 38, 45, 46, 44, 30, 29, 28, 20, 19, 17, 16, 18, 27, 54, 41, 52, 51, 22, 21, 14, 15, 0]
168;361;[0, 55, 39, 49, 26, 48, 43, 38, 24, 23, 16, 17, 19, 20, 18, 27, 54, 41, 52, 51, 22, 21, 14, 15, 13, 12, 7, 8, 6, 9, 32, 31, 57, 35, 36, 37, 58, 56, 4, 5, 2, 3, 1, 45, 46, 44, 30, 29, 28, 33, 11, 42, 40, 34, 25, 53, 47, 50, 10, 0]
169;361;[0, 55, 39, 49, 26, 48, 43, 38, 24, 23, 16, 17, 19, 20, 18, 27, 54, 41, 52, 51, 22, 21, 14, 15, 13, 12, 7, 8, 6, 9, 32, 31, 57, 35, 36, 37, 58, 56, 4, 5, 2, 3, 1, 45, 46, 44, 30, 29, 28, 33, 11, 42, 40, 34, 25, 53, 47, 50, 10, 0]
170;361;[0, 55, 39, 49, 26, 48, 43, 38, 24, 23, 16, 17, 19, 20, 18, 27, 54, 41, 52, 51, 22, 21, 14, 15, 13, 12, 7, 8, 6, 9, 32, 31, 57, 35, 36, 37, 58, 56, 4, 2, 5, 3, 1, 45, 46, 44, 30, 29, 28, 33, 11, 42, 40, 34, 25, 53, 47, 50, 10, 0]
171;362;[0, 55, 39, 49, 26, 48, 43, 38, 24, 23, 16, 17, 19, 20, 18, 27, 54, 41, 52, 51, 22, 21, 14, 15, 13, 12, 7, 8, 6, 9, 32, 31, 37, 36, 35, 57, 56, 58, 4, 5, 2, 3, 1, 45, 46, 44, 30, 29, 28, 33, 11, 42, 40, 34, 25, 53, 47, 50, 10, 0]
172;383;[0, 55, 39, 49, 26, 48, 43, 38, 24, 23, 5, 2, 1, 3, 4, 56, 58, 8, 7, 12, 13, 14, 21, 22, 51, 52, 41, 54, 27, 15, 6, 9, 32, 31, 57, 35, 36, 37, 18, 20, 19, 17, 16, 45, 46, 44, 30, 29, 28, 33, 11, 42, 40, 34, 25, 53, 47, 50, 10, 0]
173;362;[0, 55, 39, 49, 26, 48, 43, 38, 24, 23, 16, 17, 19, 20, 18, 27, 54, 41, 52, 51, 22, 21, 14, 15, 13, 12, 7, 8, 6, 9, 32, 31, 57, 37, 35, 36, 56, 58, 4, 5, 2, 3, 1, 45, 46, 44, 30, 29, 28, 33, 11, 42, 40, 34, 25, 53, 47, 50, 10, 0]
174;361;[0, 55, 39, 49, 26, 48, 43, 38, 24, 23, 16, 17, 19, 20, 18, 27, 54, 41, 52, 51, 22, 21, 14, 15, 13, 12, 7, 8, 6, 9, 32, 31, 57, 35, 36, 37, 58, 56, 4, 5, 2, 3, 1, 45, 46, 44, 30, 29, 28, 33, 11, 42, 40, 34, 25, 53, 47, 50, 10, 0]
175;361;[0, 55, 39, 49, 26, 48, 43, 38, 24, 23, 16, 17, 19, 20, 18, 27, 54, 41, 52, 51, 22, 21, 14, 15, 13, 12, 7, 8, 6, 9, 32, 31, 57, 35, 36, 37, 58, 56, 4, 5, 2, 3, 1, 45, 46, 44, 30, 29, 28, 33, 11, 42, 40, 34, 25, 53, 47, 50, 10, 0]
176;361;[0, 55, 39, 49, 26, 48, 43, 38, 24, 23, 16, 17, 19, 20, 18, 27, 54, 41, 52, 51, 22, 21, 14, 15, 13, 12, 7, 8, 6, 9, 32, 31, 57, 35, 36, 37, 58, 56, 4, 5, 2, 3, 1, 45, 46, 44, 30, 29, 28, 33, 11, 42, 40, 34, 25, 53, 47, 50, 10, 0]
177;361;[0, 55, 39, 49, 26, 48, 43, 38, 24, 23, 16, 17, 19, 20, 18, 27, 54, 41, 52, 51, 22, 21, 14, 15, 13, 12, 7, 8, 6, 9, 32, 31, 57, 35, 36, 37, 58, 56, 4, 5, 2, 3, 1, 45, 46, 44, 30, 29, 28, 33, 11, 42, 40, 34, 25, 53, 47, 50, 10, 0]
178;362;[0, 55, 39, 49, 26, 48, 43, 38, 24, 23, 16, 17, 20, 19, 18, 27, 54, 41, 52, 51, 22, 21, 14, 15, 13, 12, 7, 8, 6, 9, 32, 31, 57, 35, 36, 37, 58, 56, 4, 5, 2, 3, 1, 45, 46, 44, 30, 29, 28, 33, 11, 42, 40, 34, 25, 53, 47, 50, 10, 0]
179;363;[0, 55, 39, 49, 26, 48, 43, 38, 44, 46, 45, 23, 24, 5, 2, 1, 3, 4, 56, 58, 37, 36, 35, 57, 31, 32, 9, 6, 8, 7, 12, 13, 15, 14, 21, 22, 51, 52, 41, 54, 27, 18, 16, 17, 19, 20, 28, 30, 29, 33, 11, 42, 40, 34, 25, 53, 47, 50, 10, 0]
180;364;[0, 53, 25, 34, 40, 42, 11, 33, 28, 29, 30, 44, 46, 45, 24, 23, 16, 17, 19, 20, 18, 27, 54, 41, 52, 51, 22, 21, 14, 15, 13, 12, 7, 8, 6, 9, 31, 32, 37, 36, 35, 57, 56, 58, 4, 5, 2, 3, 1, 38, 43, 48, 26, 49, 39, 55, 10, 50, 47, 0]
181;366;[0, 55, 39, 49, 26, 48, 43, 38, 23, 24, 51, 52, 41, 54, 27, 22, 21, 14, 15, 13, 12, 7, 8, 6, 9, 32, 31, 57, 35, 36, 37, 58, 56, 4, 5, 2, 3, 1, 45, 46, 44, 30, 29, 28, 18, 16, 17, 19, 20, 33, 11, 42, 40, 34, 25, 53, 47, 50, 10, 0]
182;365;[0, 55, 39, 49, 26, 48, 43, 38, 24, 23, 5, 3, 1, 2, 4, 56, 58, 37, 36, 35, 57, 31, 32, 9, 6, 8, 7, 12, 13, 15, 14, 21, 22, 51, 52, 41, 54, 27, 18, 16, 17, 19, 20, 30, 44, 45, 46, 29, 28, 33, 11, 42, 40, 34, 25, 53, 47, 50, 10, 0]
183;364;[0, 55, 39, 49, 26, 48, 43, 38, 24, 23, 5, 2, 1, 3, 4, 56, 58, 57, 35, 36, 37, 31, 32, 9, 6, 8, 7, 13, 12, 15, 14, 21, 22, 51, 52, 41, 54, 27, 18, 16, 17, 19, 20, 44, 46, 45, 30, 29, 28, 33, 11, 42, 40, 34, 25, 53, 47, 50, 10, 0]
184;362;[0, 55, 39, 49, 26, 48, 43, 38, 24, 23, 16, 17, 19, 20, 18, 27, 54, 41, 52, 51, 22, 21, 14, 15, 13, 12, 7, 8, 6, 9, 32, 31, 37, 36, 35, 57, 56, 58, 4, 5, 2, 3, 1, 45, 46, 44, 30, 29, 28, 33, 11, 42, 40, 34, 25, 53, 47, 50, 10, 0]
185;363;[0, 55, 39, 49, 26, 48, 43, 38, 44, 46, 45, 24, 23, 1, 3, 2, 5, 4, 56, 58, 37, 36, 35, 57, 31, 32, 9, 6, 8, 7, 12, 13, 15, 14, 21, 22, 51, 52, 41, 54, 27, 18, 16, 17, 19, 20, 30, 29, 28, 33, 11, 42, 40, 34, 25, 53, 47, 50, 10, 0]
186;361;[0, 55, 39, 49, 26, 48, 43, 38, 24, 23, 16, 17, 19, 20, 18, 27, 54, 41, 52, 51, 22, 21, 14, 15, 13, 12, 7, 8, 6, 9, 32, 31, 57, 35, 36, 37, 58, 56, 4, 5, 2, 3, 1, 45, 46, 44, 30, 29, 28, 33, 11, 42, 40, 34, 25, 53, 47, 50, 10, 0]
187;360;[0, 37, 58, 56, 4, 2, 1, 3, 5, 24, 23, 45, 46, 44, 30, 29, 28, 48, 43, 38, 26, 49, 39, 55, 10, 50, 47, 53, 25, 34, 40, 42, 11, 33, 20, 19, 17, 16, 18, 27, 54, 41, 52, 51, 22, 21, 14, 15, 13, 12, 7, 8, 6, 9, 32, 31, 57, 35, 36, 0]
188;368;[0, 37, 58, 56, 4, 2, 1, 3, 5, 24, 23, 45, 44, 30, 29, 46, 38, 43, 48, 26, 49, 39, 55, 10, 50, 47, 53, 25, 34, 40, 42, 11, 33, 28, 20, 19, 17, 16, 18, 27, 54, 41, 52, 51, 22, 21, 14, 15, 13, 12, 7, 8, 6, 9, 32, 31, 57, 35, 36, 0]
189;363;[0, 37, 31, 32, 9, 6, 8, 7, 13, 12, 15, 14, 21, 22, 51, 52, 41, 54, 27, 18, 16, 17, 19, 20, 33, 11, 42, 40, 34, 25, 53, 47, 50, 10, 55, 39, 49, 26, 38, 43, 48, 28, 29, 30, 44, 46, 45, 23, 24, 5, 2, 1, 3, 4, 58, 56, 57, 35, 36, 0]
190;363;[0, 37, 31, 32, 9, 6, 8, 7, 13, 12, 15, 14, 21, 22, 51, 52, 41, 54, 27, 18, 16, 17, 19, 20, 33, 11, 42, 40, 34, 25, 53, 47, 50, 10, 55, 39, 49, 26, 38, 43, 48, 28, 29, 30, 44, 46, 45, 23, 24, 5, 3, 1, 2, 4, 56, 58, 57, 35, 36, 0]
191;363;[0, 37, 31, 32, 9, 6, 8, 7, 13, 12, 15, 14, 21, 22, 51, 52, 41, 54, 27, 18, 16, 17, 19, 20, 33, 11, 42, 40, 34, 25, 53, 47, 50, 10, 55, 39, 49, 26, 38, 43, 48, 28, 29, 30, 44, 46, 45, 24, 23, 5, 2, 1, 3, 4, 58, 56, 57, 35, 36, 0]
192;364;[0, 32, 9, 6, 8, 7, 12, 13, 15, 14, 21, 22, 51, 52, 41, 54, 27, 18, 20, 19, 17, 16, 45, 46, 44, 30, 29, 28, 33, 11, 42, 40, 34, 25, 53, 47, 50, 10, 55, 39, 49, 26, 48, 43, 38, 24, 23, 5, 3, 1, 2, 4, 58, 56, 57, 35, 36, 37, 31, 0]
193;360;[0, 37, 58, 56, 4, 2, 1, 3, 5, 24, 23, 45, 46, 44, 30, 29, 28, 48, 43, 38, 26, 49, 39, 55, 10, 50, 47, 53, 25, 34, 40, 42, 11, 33, 20, 19, 17, 16, 18, 27, 54, 41, 52, 51, 22, 21, 14, 15, 13, 12, 7, 8, 6, 9, 32, 31, 57, 35, 36, 0]
194;378;[0, 37, 45, 46, 44, 30, 29, 28, 18, 16, 17, 19, 20, 33, 11, 42, 40, 34, 25, 53, 47, 50, 10, 55, 39, 49, 26, 48, 43, 38, 24, 23, 5, 3, 1, 2, 4, 56, 58, 32, 9, 6, 8, 15, 27, 54, 41, 52, 51, 22, 21, 14, 13, 12, 7, 31, 57, 35, 36, 0]
195;363;[0, 37, 31, 32, 9, 6, 8, 7, 12, 13, 15, 14, 21, 22, 51, 52, 41, 54, 27, 18, 16, 17, 19, 20, 33, 11, 42, 40, 34, 25, 53, 47, 50, 10, 55, 39, 49, 26, 38, 43, 48, 28, 29, 30, 44, 46, 45, 23, 24, 5, 3, 1, 2, 4, 56, 58, 57, 35, 36, 0]
196;368;[0, 37, 58, 56, 4, 5, 2, 3, 1, 24, 23, 45, 46, 44, 38, 43, 48, 26, 49, 39, 55, 10, 50, 47, 33, 53, 25, 11, 42, 40, 34, 28, 29, 30, 20, 19, 17, 16, 18, 27, 54, 41, 52, 51, 22, 21, 14, 15, 13, 12, 7, 8, 6, 9, 32, 31, 57, 35, 36, 0]
197;366;[0, 37, 58, 56, 4, 5, 2, 3, 1, 24, 23, 45, 46, 44, 30, 29, 48, 43, 38, 26, 49, 39, 55, 10, 50, 47, 53, 25, 34, 40, 42, 11, 33, 28, 20, 19, 17, 16, 18, 27, 54, 41, 52, 51, 22, 21, 14, 15, 13, 12, 7, 8, 6, 9, 32, 31, 57, 35, 36, 0]
198;364;[0, 37, 31, 32, 9, 6, 8, 7, 12, 13, 15, 14, 21, 22, 51, 52, 41, 54, 27, 18, 16, 17, 19, 20, 33, 11, 42, 40, 34, 25, 53, 47, 50, 10, 55, 39, 49, 26, 38, 43, 48, 28, 29, 30, 44, 46, 45, 23, 24, 1, 2, 3, 5, 4, 56, 58, 57, 35, 36, 0]
199;376;[0, 37, 36, 35, 57, 31, 32, 9, 6, 8, 7, 12, 13, 15, 14, 21, 22, 51, 52, 41, 54, 27, 1, 2, 4, 58, 56, 3, 5, 24, 23, 45, 46, 44, 30, 29, 28, 18, 16, 17, 19, 20, 33, 11, 42, 40, 34, 25, 53, 47, 50, 10, 55, 39, 49, 26, 48, 43, 38, 0]
200;360;[0, 37, 58, 56, 4, 2, 1, 3, 5, 24, 23, 45, 46, 44, 30, 29, 28, 48, 43, 38, 26, 49, 39, 55, 10, 50, 47, 53, 25, 34, 40, 42, 11, 33, 20, 19, 17, 16, 18, 27, 54, 41, 52, 51, 22, 21, 14, 15, 13, 12, 7, 8, 6, 9, 32, 31, 57, 35, 36, 0]
201;360;[0, 37, 58, 56, 4, 2, 1, 3, 5, 24, 23, 45, 46, 44, 30, 29, 28, 38, 43, 48, 26, 49, 39, 55, 10, 50, 47, 53, 25, 34, 40, 42, 11, 33, 20, 19, 17, 16, 18, 27, 54, 41, 52, 51, 22, 21, 14, 15, 13, 12, 7, 8, 6, 9, 32, 31, 57, 35, 36, 0]
202;363;[0, 37, 31, 32, 9, 6, 8, 7, 12, 13, 15, 14, 21, 22, 51, 52, 41, 54, 27, 18, 16, 17, 19, 20, 33, 11, 42, 40, 34, 25, 53, 47, 50, 10, 55, 39, 49, 26, 38, 43, 48, 28, 29, 30, 44, 46, 45, 23, 24, 5, 3, 1, 2, 4, 58, 56, 57, 35, 36, 0]
203;369;[0, 37, 58, 56, 4, 2, 5, 3, 1, 23, 24, 38, 43, 48, 26, 49, 39, 55, 10, 50, 47, 33, 11, 42, 40, 34, 53, 25, 45, 46, 44, 30, 29, 28, 20, 19, 17, 16, 18, 27, 54, 41, 52, 51, 22, 21, 14, 15, 13, 12, 7, 8, 6, 9, 32, 31, 57, 35, 36, 0]
204;361;[0, 37, 58, 56, 4, 5, 3, 2, 1, 24, 23, 45, 46, 44, 30, 29, 28, 48, 43, 38, 26, 49, 39, 55, 10, 50, 47, 53, 25, 34, 40, 42, 11, 33, 20, 19, 17, 16, 18, 27, 54, 41, 52, 51, 22, 21, 14, 15, 13, 12, 7, 8, 6, 9, 32, 31, 57, 35, 36, 0]
205;360;[0, 37, 58, 56, 4, 2, 1, 3, 5, 24, 23, 45, 46, 44, 30, 29, 28, 48, 43, 38, 26, 49, 39, 55, 10, 50, 47, 53, 25, 34, 40, 42, 11, 33, 20, 19, 17, 16, 18, 27, 54, 41, 52, 51, 22, 21, 14, 15, 13, 12, 7, 8, 6, 9, 32, 31, 57, 35, 36, 0]
206;386;[0, 37, 58, 4, 2, 3, 1, 16, 17, 18, 19, 20, 33, 11, 42, 40, 34, 25, 53, 47, 50, 10, 55, 39, 49, 26, 38, 43, 48, 28, 29, 30, 44, 46, 45, 23, 24, 5, 56, 6, 14, 21, 22, 51, 52, 41, 54, 27, 15, 13, 12, 7, 8, 9, 32, 31, 57, 35, 36, 0]
207;366;[0, 37, 35, 36, 58, 56, 4, 5, 3, 2, 1, 24, 23, 38, 43, 48, 26, 49, 39, 55, 10, 50, 47, 53, 25, 34, 40, 42, 11, 33, 28, 29, 30, 44, 46, 45, 16, 17, 20, 19, 18, 27, 54, 41, 52, 51, 22, 21, 14, 15, 13, 12, 7, 8, 6, 9, 32, 31, 57, 0]
208;361;[0, 37, 58, 56, 4, 2, 1, 3, 5, 24, 23, 44, 46, 45, 38, 43, 48, 26, 49, 39, 55, 10, 50, 47, 53, 25, 34, 40, 42, 11, 33, 28, 29, 30, 20, 19, 17, 16, 18, 27, 54, 41, 52, 51, 22, 21, 14, 15, 13, 12, 7, 8, 6, 9, 32, 31, 57, 35, 36, 0]
209;360;[0, 37, 58, 56, 4, 3, 1, 2, 5, 24, 23, 45, 46, 44, 30, 29, 28, 48, 43, 38, 26, 49, 39, 55, 10, 50, 47, 53, 25, 34, 40, 42, 11, 33, 20, 19, 17, 16, 18, 27, 54, 41, 52, 51, 22, 21, 14, 15, 13, 12, 7, 8, 6, 9, 32, 31, 57, 35, 36, 0]
210;360;[0, 37, 58, 56, 4, 2, 1, 3, 5, 24, 23, 45, 46, 44, 38, 43, 48, 26, 49, 39, 55, 10, 50, 47, 53, 25, 34, 40, 42, 11, 33, 28, 29, 30, 20, 19, 17, 16, 18, 27, 54, 41, 52, 51, 22, 21, 14, 15, 13, 12, 7, 8, 6, 9, 32, 31, 57, 35, 36, 0]
211;366;[0, 37, 31, 32, 9, 6, 8, 7, 12, 13, 15, 14, 21, 22, 51, 52, 41, 54, 27, 18, 16, 17, 19, 20, 28, 29, 30, 44, 46, 45, 25, 53, 34, 40, 42, 11, 33, 47, 50, 10, 55, 39, 49, 26, 48, 43, 38, 24, 23, 5, 3, 1, 2, 4, 58, 56, 57, 35, 36, 0]
212;386;[0, 37, 18, 16, 17, 19, 20, 34, 40, 42, 11, 25, 53, 33, 47, 50, 10, 55, 39, 49, 26, 38, 43, 48, 28, 29, 30, 44, 46, 45, 23, 24, 5, 3, 1, 2, 4, 56, 58, 32, 9, 6, 8, 15, 27, 54, 41, 52, 51, 22, 21, 14, 13, 12, 7, 31, 57, 35, 36, 0]
213;360;[0, 37, 58, 56, 4, 3, 1, 2, 5, 24, 23, 45, 46, 44, 30, 29, 28, 38, 43, 48, 26, 49, 39, 55, 10, 50, 47, 53, 25, 34, 40, 42, 11, 33, 20, 19, 17, 16, 18, 27, 54, 41, 52, 51, 22, 21, 14, 15, 13, 12, 7, 8, 6, 9, 32, 31, 57, 35, 36, 0]
214;364;[0, 37, 58, 56, 4, 2, 1, 3, 5, 24, 23, 45, 46, 44, 38, 43, 48, 26, 49, 39, 55, 10, 50, 47, 25, 34, 40, 42, 11, 53, 33, 28, 29, 30, 20, 19, 17, 16, 18, 27, 54, 41, 52, 51, 22, 21, 14, 15, 13, 12, 7, 8, 6, 9, 32, 31, 57, 35, 36, 0]
215;363;[0, 37, 31, 32, 9, 6, 8, 7, 13, 12, 15, 14, 21, 22, 51, 52, 41, 54, 27, 18, 16, 17, 19, 20, 33, 11, 42, 40, 34, 25, 53, 47, 50, 10, 55, 39, 49, 26, 38, 43, 48, 28, 29, 30, 44, 46, 45, 23, 24, 5, 3, 1, 2, 4, 56, 58, 57, 35, 36, 0]
216;360;[0, 37, 58, 56, 4, 2, 1, 3, 5, 24, 23, 45, 46, 44, 30, 29, 28, 38, 43, 48, 26, 49, 39, 55, 10, 50, 47, 53, 25, 34, 40, 42, 11, 33, 20, 19, 17, 16, 18, 27, 54, 41, 52, 51, 22, 21, 14, 15, 13, 12, 7, 8, 6, 9, 32, 31, 57, 35, 36, 0]
217;364;[0, 37, 58, 56, 4, 2, 1, 3, 5, 24, 23, 45, 46, 44, 38, 43, 48, 26, 49, 39, 55, 10, 50, 47, 25, 34, 40, 42, 11, 53, 33, 28, 29, 30, 20, 19, 17, 16, 18, 27, 54, 41, 52, 51, 22, 21, 14, 15, 13, 12, 7, 8, 6, 9, 32, 31, 57, 35, 36, 0]
218;377;[0, 37, 58, 56, 4, 2, 1, 3, 5, 24, 23, 44, 46, 45, 25, 34, 40, 42, 11, 53, 33, 47, 50, 10, 55, 39, 49, 26, 38, 43, 48, 28, 29, 30, 20, 17, 16, 19, 18, 27, 54, 41, 52, 51, 22, 21, 14, 15, 13, 12, 7, 8, 6, 9, 32, 31, 57, 35, 36, 0]
219;360;[0, 37, 58, 56, 4, 2, 1, 3, 5, 24, 23, 45, 46, 44, 30, 29, 28, 38, 43, 48, 26, 49, 39, 55, 10, 50, 47, 53, 25, 34, 40, 42, 11, 33, 20, 19, 17, 16, 18, 27, 54, 41, 52, 51, 22, 21, 14, 15, 13, 12, 7, 8, 6, 9, 31, 32, 57, 35, 36, 0]
220;365;[0, 37, 58, 56, 4, 5, 2, 3, 1, 23, 24, 38, 43, 48, 26, 49, 39, 55, 10, 50, 47, 53, 25, 34, 40, 42, 11, 33, 28, 29, 30, 45, 46, 44, 20, 19, 17, 16, 18, 27, 54, 41, 52, 51, 22, 21, 14, 15, 13, 12, 7, 8, 6, 9, 31, 32, 57, 35, 36, 0]
221;360;[0, 37, 58, 56, 4, 2, 1, 3, 5, 24, 23, 45, 46, 44, 30, 29, 28, 38, 43, 48, 26, 49, 39, 55, 10, 50, 47, 53, 25, 34, 40, 42, 11, 33, 20, 19, 17, 16, 18, 27, 54, 41, 52, 51, 22, 21, 14, 15, 13, 12, 7, 8, 6, 9, 32, 31, 57, 35, 36, 0]
222;368;[0, 37, 24, 23, 45, 46, 44, 30, 29, 28, 48, 43, 38, 26, 49, 39, 55, 10, 50, 47, 53, 25, 34, 40, 42, 11, 33, 20, 19, 17, 16, 18, 27, 54, 41, 52, 51, 22, 21, 14, 15, 13, 12, 7, 8, 6, 9, 32, 31, 56, 4, 3, 5, 2, 1, 58, 57, 35, 36, 0]
223;363;[0, 37, 31, 32, 9, 6, 8, 7, 12, 13, 15, 14, 21, 22, 51, 52, 41, 54, 27, 18, 16, 17, 19, 20, 33, 11, 42, 40, 34, 25, 53, 47, 50, 10, 55, 39, 49, 26, 38, 43, 48, 28, 29, 30, 44, 46, 45, 23, 24, 5, 3, 1, 2, 4, 58, 56, 57, 35, 36, 0]
224;381;[0, 37, 18, 16, 17, 19, 20, 30, 29, 28, 33, 11, 42, 40, 34, 25, 53, 47, 50, 10, 55, 39, 49, 26, 48, 43, 38, 44, 46, 45, 23, 24, 5, 3, 1, 2, 4, 56, 58, 32, 9, 6, 8, 7, 12, 13, 15, 21, 22, 51, 52, 41, 54, 27, 14, 31, 57, 35, 36, 0]
225;363;[0, 37, 31, 32, 9, 6, 8, 7, 12, 13, 15, 14, 21, 22, 51, 52, 41, 54, 27, 18, 16, 17, 19, 20, 33, 11, 42, 40, 34, 25, 53, 47, 50, 10, 55, 39, 49, 26, 38, 43, 48, 28, 29, 30, 44, 46, 45, 23, 24, 5, 3, 1, 2, 4, 58, 56, 57, 35, 36, 0]
226;365;[0, 37, 58, 56, 4, 2, 1, 3, 5, 24, 23, 45, 46, 44, 30, 29, 48, 43, 38, 26, 49, 39, 55, 10, 50, 47, 53, 25, 34, 40, 42, 11, 33, 28, 20, 19, 17, 16, 18, 27, 54, 41, 52, 51, 22, 21, 14, 15, 13, 12, 7, 8, 6, 9, 32, 31, 57, 35, 36, 0]
227;363;[0, 37, 31, 32, 9, 6, 8, 7, 13, 12, 15, 14, 21, 22, 51, 52, 41, 54, 27, 18, 16, 17, 19, 20, 33, 11, 42, 40, 34, 25, 53, 47, 50, 10, 55, 39, 49, 26, 38, 43, 48, 28, 29, 30, 44, 46, 45, 23, 24, 5, 3, 1, 2, 4, 58, 56, 57, 35, 36, 0]
228;360;[0, 37, 58, 56, 4, 2, 1, 3, 5, 24, 23, 45, 46, 44, 30, 29, 28, 48, 43, 38, 26, 49, 39, 55, 10, 50, 47, 53, 25, 34, 40, 42, 11, 33, 20, 19, 17, 16, 18, 27, 54, 41, 52, 51, 22, 21, 14, 15, 13, 12, 7, 8, 6, 9, 32, 31, 57, 35, 36, 0]
229;373;[0, 37, 58, 56, 4, 2, 1, 3, 5, 24, 23, 45, 46, 44, 38, 43, 26, 49, 39, 55, 10, 50, 47, 33, 53, 25, 11, 42, 40, 34, 48, 28, 29, 30, 20, 19, 17, 16, 18, 27, 54, 41, 52, 51, 22, 21, 14, 15, 13, 12, 7, 8, 6, 9, 32, 31, 57, 35, 36, 0]
230;367;[0, 42, 11, 33, 47, 50, 10, 55, 39, 49, 26, 48, 43, 38, 24, 23, 5, 2, 1, 3, 4, 56, 58, 37, 36, 35, 57, 31, 32, 9, 6, 8, 7, 12, 13, 15, 14, 21, 22, 51, 52, 41, 54, 27, 18, 17, 16, 19, 20, 28, 29, 30, 44, 46, 45, 25, 53, 34, 40, 0]
231;361;[0, 37, 58, 56, 4, 2, 1, 3, 5, 24, 23, 44, 46, 45, 38, 43, 48, 26, 49, 39, 55, 10, 50, 47, 53, 25, 34, 40, 42, 11, 33, 28, 29, 30, 20, 19, 17, 16, 18, 27, 54, 41, 52, 51, 22, 21, 14, 15, 13, 12, 7, 8, 6, 9, 32, 31, 57, 35, 36, 0]
232;366;[0, 37, 58, 56, 4, 2, 1, 3, 5, 24, 23, 45, 46, 44, 38, 43, 26, 49, 39, 55, 10, 50, 47, 53, 25, 34, 40, 42, 11, 33, 48, 28, 29, 30, 20, 19, 17, 16, 18, 27, 54, 41, 52, 51, 22, 21, 14, 15, 13, 12, 7, 8, 6, 9, 32, 31, 57, 35, 36, 0]
233;363;[0, 37, 31, 32, 9, 6, 8, 7, 12, 13, 15, 14, 21, 22, 51, 52, 41, 54, 27, 18, 16, 17, 19, 20, 33, 11, 42, 40, 34, 25, 53, 47, 50, 10, 55, 39, 49, 26, 38, 43, 48, 28, 29, 30, 44, 46, 45, 23, 24, 5, 3, 1, 2, 4, 58, 56, 57, 35, 36, 0]
234;367;[0, 37, 31, 32, 9, 6, 8, 7, 12, 13, 15, 14, 21, 22, 51, 52, 41, 54, 27, 18, 16, 17, 19, 20, 28, 33, 11, 42, 40, 34, 25, 53, 47, 50, 10, 55, 39, 49, 26, 38, 43, 48, 29, 30, 44, 46, 45, 23, 24, 5, 3, 1, 2, 4, 58, 56, 57, 35, 36, 0]
235;365;[0, 34, 25, 47, 50, 10, 55, 39, 49, 26, 48, 43, 38, 44, 46, 45, 23, 24, 5, 2, 1, 3, 4, 56, 58, 37, 35, 36, 57, 31, 32, 9, 6, 8, 7, 12, 13, 15, 14, 21, 22, 51, 52, 41, 54, 27, 18, 16, 17, 19, 20, 30, 29, 28, 33, 53, 11, 42, 40, 0]
236;365;[0, 37, 58, 56, 4, 2, 1, 3, 5, 24, 23, 26, 49, 39, 55, 10, 50, 47, 53, 25, 34, 40, 42, 11, 33, 48, 43, 38, 45, 46, 44, 30, 29, 28, 20, 19, 17, 16, 18, 27, 54, 41, 52, 51, 22, 21, 14, 15, 13, 12, 7, 8, 6, 9, 32, 31, 57, 35, 36, 0]
237;365;[0, 37, 58, 56, 4, 2, 1, 3, 5, 24, 23, 26, 49, 39, 55, 10, 50, 47, 53, 25, 34, 40, 42, 11, 33, 48, 43, 38, 45, 46, 44, 30, 29, 28, 20, 19, 17, 16, 18, 27, 54, 41, 52, 51, 22, 21, 14, 15, 13, 12, 7, 8, 6, 9, 32, 31, 57, 35, 36, 0]
238;361;[0, 37, 58, 56, 4, 5, 3, 2, 1, 45, 46, 44, 30, 29, 28, 33, 11, 42, 40, 34, 25, 53, 47, 50, 10, 55, 39, 49, 26, 48, 43, 38, 24, 23, 16, 17, 19, 20, 18, 27, 54, 41, 52, 51, 22, 21, 14, 15, 13, 12, 7, 8, 6, 9, 32, 31, 57, 35, 36, 0]
239;360;[0, 37, 58, 56, 4, 2, 1, 3, 5, 24, 23, 45, 46, 44, 30, 29, 28, 48, 43, 38, 26, 49, 39, 55, 10, 50, 47, 53, 25, 34, 40, 42, 11, 33, 20, 19, 17, 16, 18, 27, 54, 41, 52, 51, 22, 21, 14, 15, 13, 12, 7, 8, 6, 9, 32, 31, 57, 35, 36, 0]
240;370;[0, 37, 31, 32, 9, 6, 8, 7, 12, 13, 15, 14, 21, 22, 51, 52, 41, 54, 27, 24, 23, 38, 43, 48, 26, 49, 39, 55, 10, 50, 47, 53, 25, 34, 40, 42, 11, 33, 20, 19, 17, 16, 18, 28, 29, 30, 44, 46, 45, 5, 3, 1, 2, 4, 58, 56, 57, 35, 36, 0]
241;365;[0, 37, 58, 56, 4, 3, 1, 2, 5, 24, 23, 30, 29, 28, 44, 46, 45, 38, 43, 48, 26, 49, 39, 55, 10, 50, 47, 53, 25, 34, 40, 42, 11, 33, 20, 19, 17, 16, 18, 27, 54, 41, 52, 51, 22, 21, 14, 15, 13, 12, 7, 8, 6, 9, 32, 31, 57, 35, 36, 0]
242;360;[0, 37, 58, 56, 4, 2, 1, 3, 5, 24, 23, 45, 46, 44, 30, 29, 28, 48, 43, 38, 26, 49, 39, 55, 10, 50, 47, 53, 25, 34, 40, 42, 11, 33, 20, 19, 17, 16, 18, 27, 54, 41, 52, 51, 22, 21, 14, 15, 13, 12, 7, 8, 6, 9, 32, 31, 57, 35, 36, 0]
243;363;[0, 37, 31, 32, 9, 6, 8, 7, 12, 13, 15, 14, 21, 22, 51, 52, 41, 54, 27, 18, 16, 17, 19, 20, 33, 11, 42, 40, 34, 25, 53, 47, 50, 10, 55, 39, 49, 26, 48, 43, 38, 28, 29, 30, 44, 46, 45, 23, 24, 5, 3, 1, 2, 4, 58, 56, 57, 35, 36, 0]
244;360;[0, 37, 58, 56, 4, 2, 1, 3, 5, 24, 23, 45, 46, 44, 30, 29, 28, 48, 43, 38, 26, 49, 39, 55, 10, 50, 47, 53, 25, 34, 40, 42, 11, 33, 20, 19, 17, 16, 18, 27, 54, 41, 52, 51, 22, 21, 14, 15, 13, 12, 7, 8, 6, 9, 31, 32, 57, 35, 36, 0]
245;367;[0, 37, 58, 56, 4, 2, 1, 3, 5, 24, 23, 45, 46, 44, 38, 43, 48, 26, 49, 39, 55, 10, 50, 47, 33, 53, 25, 11, 42, 40, 34, 28, 29, 30, 20, 19, 17, 16, 18, 27, 54, 41, 52, 51, 22, 21, 14, 15, 13, 12, 7, 8, 6, 9, 32, 31, 57, 35, 36, 0]
246;361;[0, 37, 31, 32, 9, 6, 8, 7, 12, 13, 15, 14, 21, 22, 51, 52, 41, 54, 27, 18, 16, 17, 19, 20, 30, 29, 28, 33, 11, 42, 40, 34, 25, 53, 47, 50, 10, 55, 39, 49, 26, 48, 43, 38, 44, 46, 45, 24, 23, 5, 3, 1, 2, 4, 58, 56, 57, 35, 36, 0]
247;361;[0, 45, 24, 23, 5, 2, 1, 3, 4, 56, 58, 37, 36, 35, 57, 31, 32, 9, 6, 8, 7, 12, 13, 15, 14, 21, 22, 51, 52, 41, 54, 27, 18, 16, 17, 19, 20, 30, 29, 28, 33, 11, 42, 40, 34, 25, 53, 47, 50, 10, 55, 39, 49, 26, 48, 43, 38, 46, 44, 0]
248;369;[0, 37, 58, 56, 4, 2, 1, 3, 5, 24, 23, 26, 49, 39, 55, 10, 50, 47, 25, 34, 40, 42, 11, 53, 33, 48, 43, 38, 45, 46, 44, 30, 29, 28, 20, 19, 17, 16, 18, 27, 54, 41, 52, 51, 22, 21, 14, 15, 13, 12, 7, 8, 6, 9, 32, 31, 57, 35, 36, 0]
249;387;[0, 37, 24, 23, 38, 43, 48, 26, 49, 39, 55, 10, 50, 47, 53, 25, 34, 40, 42, 11, 33, 28, 29, 30, 44, 45, 46, 20, 19, 17, 16, 18, 1, 2, 3, 5, 4, 56, 58, 32, 9, 6, 8, 13, 12, 15, 27, 54, 41, 52, 51, 22, 21, 14, 7, 31, 57, 35, 36, 0]
250;380;[0, 37, 45, 46, 44, 30, 29, 28, 16, 17, 18, 19, 20, 33, 11, 42, 40, 34, 25, 53, 47, 50, 10, 55, 39, 49, 26, 48, 43, 38, 24, 23, 5, 3, 1, 2, 4, 56, 58, 32, 9, 6, 8, 7, 12, 13, 15, 21, 22, 51, 52, 41, 54, 27, 14, 31, 57, 35, 36, 0]
251;381;[0, 37, 18, 16, 17, 19, 20, 30, 29, 28, 33, 11, 42, 40, 34, 25, 53, 47, 50, 10, 55, 39, 49, 26, 48, 43, 38, 44, 46, 45, 24, 23, 5, 3, 1, 2, 4, 56, 58, 8, 22, 27, 54, 41, 52, 51, 21, 14, 15, 13, 12, 7, 6, 9, 32, 31, 57, 35, 36, 0]
252;365;[0, 37, 58, 56, 4, 2, 1, 3, 5, 24, 23, 26, 49, 39, 55, 10, 50, 47, 53, 25, 34, 40, 42, 11, 33, 48, 43, 38, 45, 46, 44, 30, 29, 28, 20, 19, 17, 16, 18, 27, 54, 41, 52, 51, 22, 21, 14, 15, 13, 12, 7, 8, 6, 9, 32, 31, 57, 35, 36, 0]
253;360;[0, 37, 58, 56, 4, 2, 1, 3, 5, 24, 23, 45, 46, 44, 30, 29, 28, 48, 43, 38, 26, 49, 39, 55, 10, 50, 47, 53, 25, 34, 40, 42, 11, 33, 20, 19, 17, 16, 18, 27, 54, 41, 52, 51, 22, 21, 14, 15, 13, 12, 7, 8, 6, 9, 32, 31, 57, 35, 36, 0]
254;382;[0, 37, 18, 16, 17, 19, 20, 33, 11, 42, 40, 34, 25, 53, 47, 50, 10, 55, 39, 49, 26, 38, 43, 48, 28, 29, 30, 44, 46, 45, 23, 24, 5, 3, 1, 2, 4, 56, 58, 31, 32, 9, 6, 8, 7, 12, 13, 14, 21, 22, 51, 52, 41, 54, 27, 15, 57, 35, 36, 0]
255;360;[0, 37, 58, 56, 4, 2, 1, 3, 5, 24, 23, 45, 46, 44, 38, 43, 48, 26, 49, 39, 55, 10, 50, 47, 53, 25, 34, 40, 42, 11, 33, 28, 29, 30, 20, 19, 17, 16, 18, 27, 54, 41, 52, 51, 22, 21, 14, 15, 13, 12, 7, 8, 6, 9, 32, 31, 57, 35, 36, 0]
256;361;[0, 37, 31, 32, 9, 6, 8, 7, 12, 13, 15, 14, 21, 22, 51, 52, 41, 54, 27, 18, 16, 17, 19, 20, 30, 29, 28, 33, 11, 42, 40, 34, 25, 53, 47, 50, 10, 55, 39, 49, 26, 48, 43, 38, 44, 46, 45, 23, 24, 5, 2, 1, 3, 4, 56, 58, 57, 35, 36, 0]
257;363;[0, 37, 31, 32, 9, 6, 8, 7, 12, 13, 15, 14, 21, 22, 51, 52, 41, 54, 27, 18, 16, 17, 19, 20, 33, 11, 42, 40, 34, 25, 53, 47, 50, 10, 55, 39, 49, 26, 38, 43, 48, 28, 29, 30, 44, 46, 45, 23, 24, 5, 3, 1, 2, 4, 58, 56, 57, 35, 36, 0]
258;365;[0, 37, 58, 56, 4, 2, 1, 3, 5, 24, 23, 26, 49, 39, 55, 10, 50, 47, 53, 25, 34, 40, 42, 11, 33, 48, 43, 38, 45, 46, 44, 30, 29, 28, 20, 19, 17, 16, 18, 27, 54, 41, 52, 51, 22, 21, 14, 15, 13, 12, 7, 8, 6, 9, 32, 31, 57, 35, 36, 0]
259;360;[0, 37, 58, 56, 4, 2, 1, 3, 5, 24, 23, 45, 46, 44, 38, 43, 48, 26, 49, 39, 55, 10, 50, 47, 53, 25, 34, 40, 42, 11, 33, 28, 29, 30, 20, 19, 17, 16, 18, 27, 54, 41, 52, 51, 22, 21, 14, 15, 13, 12, 7, 8, 6, 9, 32, 31, 57, 35, 36, 0]
260;360;[0, 37, 58, 56, 4, 2, 1, 3, 5, 24, 23, 45, 46, 44, 38, 43, 48, 26, 49, 39, 55, 10, 50, 47, 53, 25, 34, 40, 42, 11, 33, 28, 29, 30, 20, 19, 17, 16, 18, 27, 54, 41, 52, 51, 22, 21, 14, 15, 13, 12, 7, 8, 6, 9, 32, 31, 57, 35, 36, 0]
261;361;[0, 37, 58, 56, 4, 5, 2, 3, 1, 24, 23, 45, 46, 44, 30, 29, 28, 48, 43, 38, 26, 49, 39, 55, 10, 50, 47, 53, 25, 34, 40, 42, 11, 33, 20, 19, 17, 16, 18, 27, 54, 41, 52, 51, 22, 21, 14, 15, 13, 12, 7, 8, 6, 9, 32, 31, 57, 35, 36, 0]
262;361;[0, 37, 58, 56, 4, 5, 2, 3, 1, 45, 46, 44, 30, 29, 28, 33, 11, 42, 40, 34, 25, 53, 47, 50, 10, 55, 39, 49, 26, 48, 43, 38, 24, 23, 16, 17, 19, 20, 18, 27, 54, 41, 52, 51, 22, 21, 14, 15, 13, 12, 7, 8, 6, 9, 32, 31, 57, 35, 36, 0]
263;363;[0, 37, 31, 32, 9, 6, 8, 7, 12, 13, 15, 14, 21, 22, 51, 52, 41, 54, 27, 18, 17, 16, 19, 20, 33, 11, 42, 40, 34, 25, 53, 47, 50, 10, 55, 39, 49, 26, 38, 43, 48, 28, 29, 30, 44, 46, 45, 23, 24, 5, 3, 1, 2, 4, 58, 56, 57, 35, 36, 0]
264;360;[0, 37, 58, 56, 4, 2, 1, 3, 5, 24, 23, 45, 46, 44, 30, 29, 28, 48, 43, 38, 26, 49, 39, 55, 10, 50, 47, 53, 25, 34, 40, 42, 11, 33, 20, 19, 17, 16, 18, 27, 54, 41, 52, 51, 22, 21, 14, 15, 13, 12, 7, 8, 6, 9, 32, 31, 57, 35, 36, 0]
265;363;[0, 37, 31, 32, 9, 6, 8, 7, 12, 13, 15, 14, 21, 22, 51, 52, 41, 54, 27, 18, 16, 17, 19, 20, 33, 11, 42, 40, 34, 25, 53, 47, 50, 10, 55, 39, 49, 26, 38, 43, 48, 28, 29, 30, 44, 46, 45, 23, 24, 5, 3, 1, 2, 4, 58, 56, 57, 35, 36, 0]
266;360;[0, 37, 58, 56, 4, 2, 1, 3, 5, 24, 23, 45, 46, 44, 30, 29, 28, 48, 43, 38, 26, 49, 39, 55, 10, 50, 47, 53, 25, 34, 40, 42, 11, 33, 20, 19, 17, 16, 18, 27, 54, 41, 52, 51, 22, 21, 14, 15, 13, 12, 7, 8, 6, 9, 32, 31, 57, 35, 36, 0]
267;364;[0, 37, 58, 56, 4, 2, 1, 3, 5, 24, 23, 38, 43, 48, 26, 49, 39, 55, 10, 50, 47, 53, 25, 34, 40, 42, 11, 33, 28, 29, 44, 46, 45, 30, 20, 19, 17, 16, 18, 27, 54, 41, 52, 51, 22, 21, 14, 15, 13, 12, 7, 8, 6, 9, 32, 31, 57, 35, 36, 0]
268;360;[0, 37, 58, 56, 4, 2, 1, 3, 5, 24, 23, 45, 46, 44, 30, 29, 28, 48, 43, 38, 26, 49, 39, 55, 10, 50, 47, 53, 25, 34, 40, 42, 11, 33, 20, 19, 17, 16, 18, 27, 54, 41, 52, 51, 22, 21, 14, 15, 13, 12, 7, 8, 6, 9, 32, 31, 57, 35, 36, 0]
269;381;[0, 37, 36, 35, 57, 31, 32, 9, 6, 8, 7, 12, 13, 15, 14, 21, 22, 51, 52, 41, 54, 27, 1, 2, 4, 58, 56, 3, 5, 24, 23, 45, 46, 44, 30, 29, 28, 18, 16, 17, 19, 20, 34, 40, 42, 25, 53, 11, 33, 47, 50, 10, 55, 39, 49, 26, 48, 43, 38, 0]
270;361;[0, 37, 31, 32, 9, 6, 8, 7, 12, 13, 15, 14, 21, 22, 51, 52, 41, 54, 27, 18, 16, 17, 19, 20, 30, 29, 28, 33, 11, 42, 40, 34, 25, 53, 47, 50, 10, 55, 39, 49, 26, 48, 43, 38, 44, 46, 45, 24, 23, 5, 3, 1, 2, 4, 56, 58, 57, 35, 36, 0]
271;361;[0, 37, 31, 32, 9, 6, 8, 7, 12, 13, 15, 14, 21, 22, 51, 52, 41, 54, 27, 18, 16, 17, 19, 20, 30, 29, 28, 33, 11, 42, 40, 34, 25, 53, 47, 50, 10, 55, 39, 49, 26, 48, 43, 38, 44, 46, 45, 23, 24, 5, 3, 1, 2, 4, 58, 56, 57, 35, 36, 0]
272;363;[0, 37, 31, 32, 9, 6, 8, 7, 12, 13, 15, 14, 21, 22, 51, 52, 41, 54, 27, 18, 16, 17, 19, 20, 33, 11, 42, 40, 34, 25, 53, 47, 50, 10, 55, 39, 49, 26, 48, 43, 38, 28, 29, 30, 44, 46, 45, 23, 24, 5, 2, 1, 3, 4, 58, 56, 57, 35, 36, 0]
273;362;[0, 37, 31, 32, 9, 6, 8, 7, 12, 13, 15, 14, 21, 22, 51, 52, 41, 54, 27, 18, 19, 20, 17, 16, 30, 29, 28, 33, 11, 42, 40, 34, 25, 53, 47, 50, 10, 55, 39, 49, 26, 48, 43, 38, 44, 46, 45, 23, 24, 5, 3, 1, 2, 4, 58, 56, 57, 35, 36, 0]
274;360;[0, 37, 58, 56, 4, 2, 1, 3, 5, 24, 23, 45, 46, 44, 30, 29, 28, 38, 43, 48, 26, 49, 39, 55, 10, 50, 47, 53, 25, 34, 40, 42, 11, 33, 20, 19, 17, 16, 18, 27, 54, 41, 52, 51, 22, 21, 14, 15, 13, 12, 7, 8, 6, 9, 32, 31, 57, 35, 36, 0]
275;363;[0, 3, 1, 23, 24, 44, 46, 45, 38, 43, 48, 26, 49, 39, 55, 10, 50, 47, 53, 25, 34, 40, 42, 11, 33, 28, 29, 30, 20, 19, 17, 16, 18, 27, 54, 41, 52, 51, 22, 21, 14, 15, 13, 12, 7, 8, 6, 9, 32, 31, 37, 35, 36, 57, 58, 56, 4, 2, 5, 0]
276;365;[0, 37, 58, 56, 4, 2, 1, 3, 5, 24, 23, 26, 49, 39, 55, 10, 50, 47, 53, 25, 34, 40, 42, 11, 33, 48, 43, 38, 45, 46, 44, 30, 29, 28, 20, 19, 17, 16, 18, 27, 54, 41, 52, 51, 22, 21, 14, 15, 13, 12, 7, 8, 6, 9, 31, 32, 57, 35, 36, 0]
277;366;[0, 37, 58, 56, 4, 3, 1, 2, 5, 24, 23, 43, 26, 49, 39, 55, 10, 50, 47, 53, 25, 34, 40, 42, 11, 33, 48, 38, 45, 46, 44, 30, 29, 28, 20, 19, 17, 16, 18, 27, 54, 41, 52, 51, 22, 21, 14, 15, 13, 12, 7, 8, 6, 9, 32, 31, 57, 35, 36, 0]
278;360;[0, 37, 58, 56, 4, 2, 1, 3, 5, 24, 23, 45, 46, 44, 30, 29, 28, 48, 43, 38, 26, 49, 39, 55, 10, 50, 47, 53, 25, 34, 40, 42, 11, 33, 20, 19, 17, 16, 18, 27, 54, 41, 52, 51, 22, 21, 14, 15, 13, 12, 7, 8, 6, 9, 32, 31, 57, 35, 36, 0]
279;363;[0, 37, 31, 32, 9, 6, 8, 7, 12, 13, 15, 14, 21, 22, 51, 52, 41, 54, 27, 18, 16, 17, 19, 20, 33, 11, 42, 40, 34, 25, 53, 47, 50, 10, 55, 39, 49, 26, 38, 43, 48, 28, 29, 30, 44, 46, 45, 23, 24, 5, 3, 1, 2, 4, 58, 56, 57, 35, 36, 0]
280;361;[0, 44, 30, 29, 28, 48, 43, 38, 26, 49, 39, 55, 10, 50, 47, 53, 25, 34, 40, 42, 11, 33, 20, 19, 17, 16, 18, 27, 54, 41, 52, 51, 22, 21, 14, 15, 13, 12, 7, 8, 6, 9, 32, 31, 37, 36, 35, 57, 56, 58, 4, 2, 1, 3, 5, 24, 23, 45, 46, 0]
281;367;[0, 37, 31, 32, 9, 6, 8, 7, 12, 13, 15, 14, 21, 22, 51, 52, 41, 54, 27, 18, 20, 19, 17, 16, 23, 24, 38, 43, 48, 26, 49, 39, 55, 10, 50, 47, 53, 25, 34, 40, 42, 11, 33, 28, 29, 30, 44, 46, 45, 1, 3, 5, 2, 4, 58, 56, 57, 35, 36, 0]
282;363;[0, 37, 31, 32, 9, 6, 8, 7, 12, 13, 15, 14, 21, 22, 51, 52, 41, 54, 27, 18, 16, 17, 19, 20, 33, 11, 42, 40, 34, 25, 53, 47, 50, 10, 55, 39, 49, 26, 38, 43, 48, 28, 29, 30, 44, 46, 45, 23, 24, 5, 3, 1, 2, 4, 56, 58, 57, 35, 36, 0]
283;377;[0, 37, 58, 56, 4, 2, 1, 3, 5, 24, 23, 25, 53, 34, 40, 42, 11, 33, 47, 50, 10, 55, 39, 49, 26, 38, 43, 48, 28, 29, 30, 45, 46, 44, 20, 19, 17, 16, 18, 27, 54, 41, 52, 51, 22, 21, 14, 15, 13, 12, 7, 8, 6, 9, 32, 31, 57, 35, 36, 0]
284;360;[0, 37, 58, 56, 4, 2, 1, 3, 5, 24, 23, 45, 46, 44, 30, 29, 28, 38, 43, 48, 26, 49, 39, 55, 10, 50, 47, 53, 25, 34, 40, 42, 11, 33, 20, 19, 17, 16, 18, 27, 54, 41, 52, 51, 22, 21, 14, 15, 13, 12, 7, 8, 6, 9, 32, 31, 57, 35, 36, 0]
285;361;[0, 37, 58, 56, 4, 5, 3, 2, 1, 24, 23, 45, 46, 44, 30, 29, 28, 38, 43, 48, 26, 49, 39, 55, 10, 50, 47, 53, 25, 34, 40, 42, 11, 33, 20, 19, 17, 16, 18, 27, 54, 41, 52, 51, 22, 21, 14, 15, 13, 12, 7, 8, 6, 9, 32, 31, 57, 35, 36, 0]
286;366;[0, 37, 57, 56, 58, 4, 3, 1, 2, 5, 24, 23, 38, 45, 46, 44, 30, 29, 28, 48, 43, 26, 49, 39, 55, 10, 50, 47, 53, 25, 34, 40, 42, 11, 33, 20, 19, 17, 16, 18, 27, 54, 41, 52, 51, 22, 21, 14, 15, 13, 12, 7, 8, 6, 9, 31, 32, 36, 35, 0]
287;363;[0, 37, 58, 56, 4, 3, 1, 2, 5, 24, 23, 38, 43, 48, 26, 49, 39, 55, 10, 50, 47, 53, 25, 34, 40, 42, 11, 33, 28, 29, 30, 44, 46, 45, 16, 17, 19, 20, 18, 27, 54, 41, 52, 51, 22, 21, 14, 15, 13, 12, 7, 8, 6, 9, 32, 31, 57, 35, 36, 0]
288;388;[0, 37, 28, 29, 30, 44, 46, 45, 38, 43, 48, 26, 49, 39, 55, 10, 50, 47, 53, 25, 34, 40, 42, 11, 33, 20, 19, 17, 16, 18, 23, 24, 5, 3, 1, 2, 4, 56, 58, 32, 9, 6, 8, 7, 12, 13, 15, 21, 22, 51, 52, 41, 54, 27, 14, 31, 57, 35, 36, 0]
289;360;[0, 37, 58, 56, 4, 3, 1, 2, 5, 24, 23, 45, 46, 44, 30, 29, 28, 48, 43, 38, 26, 49, 39, 55, 10, 50, 47, 53, 25, 34, 40, 42, 11, 33, 20, 19, 17, 16, 18, 27, 54, 41, 52, 51, 22, 21, 14, 15, 13, 12, 7, 8, 6, 9, 32, 31, 57, 35, 36, 0]
290;361;[0, 39, 55, 10, 50, 47, 53, 25, 34, 40, 42, 11, 33, 20, 19, 17, 16, 18, 27, 54, 41, 52, 51, 22, 21, 14, 15, 13, 12, 7, 8, 6, 9, 32, 31, 57, 35, 36, 37, 58, 56, 4, 2, 5, 3, 1, 23, 24, 45, 46, 44, 30, 29, 28, 43, 38, 48, 26, 49, 0]
291;361;[0, 31, 57, 35, 36, 37, 58, 56, 4, 3, 5, 2, 1, 23, 24, 45, 46, 44, 30, 29, 28, 48, 43, 38, 26, 49, 39, 55, 10, 50, 47, 53, 25, 34, 40, 42, 11, 33, 20, 19, 17, 16, 18, 27, 54, 41, 52, 51, 22, 21, 14, 15, 13, 12, 7, 8, 6, 9, 32, 0]
292;360;[0, 37, 58, 56, 4, 2, 1, 3, 5, 24, 23, 45, 46, 44, 30, 29, 28, 48, 43, 38, 26, 49, 39, 55, 10, 50, 47, 53, 25, 34, 40, 42, 11, 33, 20, 19, 17, 16, 18, 27, 54, 41, 52, 51, 22, 21, 14, 15, 13, 12, 7, 8, 6, 9, 32, 31, 57, 35, 36, 0]
293;366;[0, 13, 7, 8, 6, 9, 32, 31, 57, 37, 35, 36, 58, 56, 4, 5, 3, 2, 1, 38, 43, 48, 26, 49, 39, 55, 10, 50, 47, 53, 25, 34, 40, 42, 11, 33, 28, 29, 30, 44, 46, 45, 23, 24, 16, 17, 20, 19, 18, 27, 54, 41, 52, 51, 22, 21, 14, 15, 12, 0]
294;364;[0, 37, 35, 36, 31, 32, 9, 6, 8, 7, 13, 12, 15, 14, 21, 22, 51, 52, 41, 54, 27, 18, 16, 17, 19, 20, 33, 11, 42, 40, 34, 25, 53, 47, 50, 10, 55, 39, 49, 26, 48, 43, 38, 28, 29, 30, 44, 46, 45, 23, 24, 5, 2, 1, 3, 4, 58, 56, 57, 0]
295;360;[0, 37, 58, 56, 4, 2, 1, 3, 5, 24, 23, 45, 46, 44, 38, 43, 48, 26, 49, 39, 55, 10, 50, 47, 53, 25, 34, 40, 42, 11, 33, 28, 29, 30, 20, 19, 17, 16, 18, 27, 54, 41, 52, 51, 22, 21, 14, 15, 13, 12, 7, 8, 6, 9, 32, 31, 57, 35, 36, 0]
296;363;[0, 37, 31, 32, 9, 6, 8, 7, 13, 12, 15, 14, 21, 22, 51, 52, 41, 54, 27, 18, 16, 17, 19, 20, 33, 11, 42, 40, 34, 25, 53, 47, 50, 10, 55, 39, 49, 26, 38, 43, 48, 28, 29, 30, 44, 46, 45, 23, 24, 5, 3, 1, 2, 4, 58, 56, 57, 35, 36, 0]
297;367;[0, 37, 58, 56, 4, 5, 3, 2, 1, 24, 23, 25, 34, 40, 42, 53, 11, 33, 47, 50, 10, 55, 39, 49, 26, 48, 43, 38, 45, 46, 44, 30, 29, 28, 20, 19, 17, 16, 18, 27, 54, 41, 52, 51, 22, 21, 14, 15, 13, 12, 7, 8, 6, 9, 32, 31, 57, 35, 36, 0]
298;361;[0, 37, 58, 56, 4, 5, 3, 2, 1, 24, 23, 45, 46, 44, 30, 29, 28, 48, 43, 38, 26, 49, 39, 55, 10, 50, 47, 53, 25, 34, 40, 42, 11, 33, 20, 19, 17, 16, 18, 27, 54, 41, 52, 51, 22, 21, 14, 15, 13, 12, 7, 8, 6, 9, 32, 31, 57, 35, 36, 0]
299;381;[0, 37, 16, 17, 18, 19, 20, 33, 11, 42, 40, 34, 25, 53, 47, 50, 10, 55, 39, 49, 26, 38, 43, 48, 28, 29, 30, 44, 46, 45, 23, 24, 5, 3, 1, 2, 4, 56, 58, 32, 9, 6, 8, 15, 27, 54, 41, 52, 51, 22, 21, 14, 13, 12, 7, 31, 57, 35, 36, 0]
300;361;[0, 37, 58, 56, 4, 5, 2, 3, 1, 24, 23, 45, 46, 44, 30, 29, 28, 48, 43, 38, 26, 49, 39, 55, 10, 50, 47, 53, 25, 34, 40, 42, 11, 33, 20, 19, 17, 16, 18, 27, 54, 41, 52, 51, 22, 21, 14, 15, 13, 12, 7, 8, 6, 9, 32, 31, 57, 35, 36, 0]
301;364;[0, 37, 31, 32, 9, 6, 8, 7, 12, 13, 15, 14, 21, 22, 51, 52, 41, 54, 27, 18, 20, 19, 17, 16, 45, 46, 44, 30, 29, 28, 33, 11, 42, 40, 34, 25, 53, 47, 50, 10, 55, 39, 49, 26, 48, 43, 38, 24, 23, 5, 3, 1, 2, 4, 58, 56, 57, 35, 36, 0]
302;376;[0, 37, 58, 56, 4, 2, 1, 3, 5, 24, 23, 45, 46, 44, 38, 43, 48, 26, 49, 39, 55, 10, 50, 47, 33, 11, 53, 25, 34, 42, 40, 28, 29, 30, 20, 19, 17, 16, 18, 27, 54, 41, 52, 51, 22, 21, 14, 15, 13, 12, 7, 8, 6, 9, 32, 31, 57, 35, 36, 0]
303;364;[0, 37, 31, 32, 9, 6, 8, 7, 13, 12, 15, 14, 21, 22, 51, 52, 41, 54, 27, 18, 20, 19, 17, 16, 45, 46, 44, 30, 29, 28, 33, 11, 42, 40, 34, 25, 53, 47, 50, 10, 55, 39, 49, 26, 48, 43, 38, 24, 23, 5, 3, 1, 2, 4, 58, 56, 57, 35, 36, 0]
304;365;[0, 37, 58, 56, 4, 3, 5, 2, 1, 23, 24, 38, 43, 48, 26, 49, 39, 55, 10, 50, 47, 53, 25, 34, 40, 42, 11, 33, 28, 29, 30, 45, 46, 44, 20, 19, 17, 16, 18, 27, 54, 41, 52, 51, 22, 21, 14, 15, 13, 12, 7, 8, 6, 9, 32, 31, 57, 35, 36, 0]
305;366;[0, 37, 58, 56, 4, 5, 3, 2, 1, 23, 24, 26, 49, 39, 55, 10, 50, 47, 53, 25, 34, 40, 42, 11, 33, 48, 43, 38, 45, 46, 44, 30, 29, 28, 20, 19, 17, 16, 18, 27, 54, 41, 52, 51, 22, 21, 14, 15, 13, 12, 7, 8, 6, 9, 32, 31, 57, 35, 36, 0]
306;378;[0, 37, 23, 24, 45, 46, 44, 30, 29, 28, 48, 43, 38, 26, 49, 39, 55, 10, 50, 47, 53, 25, 34, 40, 42, 11, 33, 20, 19, 18, 17, 16, 58, 56, 4, 2, 5, 3, 1, 51, 52, 41, 54, 27, 22, 21, 14, 15, 13, 12, 7, 8, 6, 9, 32, 31, 57, 35, 36, 0]
307;382;[0, 37, 18, 16, 17, 19, 20, 33, 11, 42, 40, 34, 25, 53, 47, 50, 10, 55, 39, 49, 26, 38, 43, 48, 28, 29, 30, 44, 46, 45, 23, 24, 5, 3, 1, 2, 4, 56, 58, 31, 15, 27, 54, 41, 52, 51, 22, 21, 14, 13, 12, 7, 8, 6, 9, 32, 57, 35, 36, 0]
308;361;[0, 37, 58, 56, 4, 5, 2, 3, 1, 23, 24, 45, 46, 44, 30, 29, 28, 48, 38, 43, 26, 49, 39, 55, 10, 50, 47, 53, 25, 34, 40, 42, 11, 33, 20, 19, 17, 16, 18, 27, 54, 41, 52, 51, 22, 21, 14, 15, 13, 12, 7, 8, 6, 9, 32, 31, 57, 35, 36, 0]
309;365;[0, 37, 58, 56, 4, 3, 5, 2, 1, 23, 24, 38, 43, 48, 26, 49, 39, 55, 10, 50, 47, 53, 25, 34, 40, 42, 11, 33, 28, 29, 30, 44, 46, 45, 16, 17, 20, 19, 18, 27, 54, 41, 52, 51, 22, 21, 14, 15, 13, 12, 7, 8, 6, 9, 32, 31, 57, 35, 36, 0]
310;368;[0, 37, 58, 56, 4, 2, 5, 3, 1, 23, 24, 38, 43, 48, 26, 49, 39, 55, 10, 50, 47, 33, 34, 40, 42, 11, 53, 25, 45, 46, 44, 30, 29, 28, 20, 19, 17, 16, 18, 27, 54, 41, 52, 51, 22, 21, 14, 15, 13, 12, 7, 8, 6, 9, 32, 31, 57, 35, 36, 0]
311;369;[0, 37, 31, 32, 9, 6, 8, 7, 12, 13, 15, 14, 21, 22, 51, 52, 41, 54, 27, 24, 23, 45, 46, 44, 30, 29, 28, 16, 17, 18, 19, 20, 33, 11, 42, 40, 34, 25, 53, 47, 50, 10, 55, 39, 49, 26, 48, 43, 38, 1, 3, 2, 5, 4, 56, 58, 57, 35, 36, 0]
312;360;[0, 37, 58, 56, 4, 2, 1, 3, 5, 24, 23, 45, 46, 44, 38, 43, 48, 26, 49, 39, 55, 10, 50, 47, 53, 25, 34, 40, 42, 11, 33, 28, 29, 30, 20, 19, 17, 16, 18, 27, 54, 41, 52, 51, 22, 21, 14, 15, 13, 12, 7, 8, 6, 9, 32, 31, 57, 35, 36, 0]
313;363;[0, 37, 31, 32, 9, 6, 8, 7, 12, 13, 15, 14, 21, 22, 51, 52, 41, 54, 27, 18, 16, 17, 19, 20, 33, 11, 42, 40, 34, 25, 53, 47, 50, 10, 55, 39, 49, 26, 38, 43, 48, 28, 29, 30, 44, 46, 45, 23, 24, 5, 3, 1, 2, 4, 58, 56, 57, 35, 36, 0]
314;381;[0, 37, 16, 17, 18, 19, 20, 33, 11, 42, 40, 34, 25, 53, 47, 50, 10, 55, 39, 49, 26, 38, 43, 48, 28, 29, 30, 44, 46, 45, 23, 24, 5, 3, 1, 2, 4, 56, 58, 32, 9, 6, 8, 15, 14, 27, 54, 41, 52, 51, 22, 21, 13, 12, 7, 31, 57, 35, 36, 0]
315;385;[0, 14, 13, 12, 7, 31, 58, 56, 4, 2, 1, 3, 5, 24, 23, 43, 48, 26, 49, 39, 55, 10, 50, 47, 53, 25, 34, 40, 42, 11, 33, 38, 45, 46, 44, 30, 29, 28, 20, 19, 17, 16, 18, 37, 36, 35, 57, 32, 9, 6, 8, 15, 21, 22, 51, 52, 41, 54, 27, 0]
316;363;[0, 37, 31, 32, 9, 6, 8, 7, 12, 13, 15, 14, 21, 22, 51, 52, 41, 54, 27, 18, 17, 16, 19, 20, 33, 11, 42, 40, 34, 25, 53, 47, 50, 10, 55, 39, 49, 26, 48, 43, 38, 28, 29, 30, 44, 46, 45, 23, 24, 5, 3, 1, 2, 4, 58, 56, 57, 35, 36, 0]
317;361;[0, 37, 35, 36, 58, 56, 4, 2, 1, 3, 5, 24, 23, 45, 46, 44, 30, 29, 28, 48, 43, 38, 26, 49, 39, 55, 10, 50, 47, 53, 25, 34, 40, 42, 11, 33, 20, 19, 17, 16, 18, 27, 54, 41, 52, 51, 22, 21, 14, 15, 13, 12, 7, 8, 6, 9, 32, 31, 57, 0]
318;361;[0, 37, 58, 56, 4, 2, 1, 3, 5, 24, 23, 45, 46, 44, 30, 29, 28, 48, 43, 38, 26, 49, 39, 55, 10, 50, 47, 53, 25, 34, 40, 42, 11, 33, 20, 17, 16, 19, 18, 27, 54, 41, 52, 51, 22, 21, 14, 15, 13, 12, 7, 8, 6, 9, 32, 31, 57, 35, 36, 0]
319;364;[0, 37, 58, 56, 4, 2, 1, 3, 5, 24, 23, 38, 43, 48, 26, 49, 39, 55, 10, 50, 47, 53, 25, 34, 40, 42, 11, 33, 28, 29, 30, 44, 45, 46, 20, 19, 17, 16, 18, 27, 54, 41, 52, 51, 22, 21, 14, 15, 13, 12, 7, 8, 6, 9, 32, 31, 57, 35, 36, 0]
320;385;[0, 37, 18, 20, 19, 17, 16, 24, 23, 45, 46, 44, 30, 29, 28, 33, 11, 42, 40, 34, 25, 53, 47, 50, 10, 55, 39, 49, 26, 48, 43, 38, 1, 3, 5, 2, 4, 56, 58, 32, 9, 6, 8, 13, 12, 15, 14, 27, 54, 41, 52, 51, 22, 21, 7, 31, 57, 35, 36, 0]
321;360;[0, 37, 58, 56, 4, 2, 1, 3, 5, 24, 23, 45, 46, 44, 30, 29, 28, 48, 43, 38, 26, 49, 39, 55, 10, 50, 47, 53, 25, 34, 40, 42, 11, 33, 20, 19, 17, 16, 18, 27, 54, 41, 52, 51, 22, 21, 14, 15, 13, 12, 7, 8, 6, 9, 32, 31, 57, 35, 36, 0]
322;363;[0, 37, 58, 56, 4, 2, 1, 3, 5, 24, 23, 38, 43, 48, 26, 49, 39, 55, 10, 50, 47, 53, 25, 34, 40, 42, 11, 33, 28, 29, 30, 44, 46, 45, 16, 17, 19, 20, 18, 27, 54, 41, 52, 51, 22, 21, 14, 15, 13, 12, 7, 8, 6, 9, 32, 31, 57, 35, 36, 0]
323;388;[0, 37, 16, 17, 19, 20, 18, 28, 33, 11, 42, 40, 34, 25, 53, 47, 50, 10, 55, 39, 49, 26, 48, 43, 38, 46, 29, 30, 44, 45, 23, 24, 5, 3, 1, 2, 4, 56, 58, 31, 15, 27, 54, 41, 52, 51, 22, 21, 14, 13, 12, 7, 8, 6, 9, 32, 57, 35, 36, 0]
324;360;[0, 37, 58, 56, 4, 2, 1, 3, 5, 24, 23, 45, 46, 44, 30, 29, 28, 38, 43, 48, 26, 49, 39, 55, 10, 50, 47, 53, 25, 34, 40, 42, 11, 33, 20, 19, 17, 16, 18, 27, 54, 41, 52, 51, 22, 21, 14, 15, 13, 12, 7, 8, 6, 9, 32, 31, 57, 35, 36, 0]
325;384;[0, 37, 18, 16, 17, 19, 20, 28, 29, 30, 44, 46, 45, 25, 53, 34, 40, 42, 11, 33, 47, 50, 10, 55, 39, 49, 26, 48, 43, 38, 24, 23, 5, 3, 1, 2, 4, 56, 58, 32, 9, 6, 8, 15, 27, 54, 41, 52, 51, 22, 21, 14, 13, 12, 7, 31, 57, 35, 36, 0]
326;363;[0, 37, 31, 32, 9, 6, 8, 7, 12, 13, 15, 14, 21, 22, 51, 52, 41, 54, 27, 18, 16, 17, 19, 20, 33, 11, 42, 40, 34, 25, 53, 47, 50, 10, 55, 39, 49, 26, 48, 43, 38, 28, 29, 30, 44, 46, 45, 23, 24, 5, 3, 1, 2, 4, 58, 56, 57, 35, 36, 0]
327;368;[0, 37, 31, 32, 9, 6, 8, 7, 12, 13, 15, 14, 21, 22, 51, 52, 41, 54, 27, 18, 19, 20, 17, 16, 30, 29, 28, 34, 40, 42, 25, 53, 11, 33, 47, 50, 10, 55, 39, 49, 26, 48, 43, 38, 44, 46, 45, 23, 24, 5, 3, 1, 2, 4, 56, 58, 57, 35, 36, 0]
328;363;[0, 37, 31, 32, 9, 6, 8, 7, 12, 13, 15, 14, 21, 22, 51, 52, 41, 54, 27, 18, 16, 17, 19, 20, 33, 11, 42, 40, 34, 25, 53, 47, 50, 10, 55, 39, 49, 26, 48, 43, 38, 28, 29, 30, 44, 46, 45, 23, 24, 5, 3, 1, 2, 4, 58, 56, 57, 35, 36, 0]
329;360;[0, 37, 58, 56, 4, 2, 1, 3, 5, 24, 23, 45, 46, 44, 30, 29, 28, 48, 43, 38, 26, 49, 39, 55, 10, 50, 47, 53, 25, 34, 40, 42, 11, 33, 20, 19, 17, 16, 18, 27, 54, 41, 52, 51, 22, 21, 14, 15, 13, 12, 7, 8, 6, 9, 32, 31, 57, 35, 36, 0]
330;367;[0, 14, 15, 13, 12, 7, 8, 6, 9, 32, 31, 57, 37, 35, 36, 58, 56, 4, 3, 5, 2, 1, 23, 24, 26, 49, 39, 55, 10, 50, 47, 53, 25, 34, 40, 42, 11, 33, 48, 43, 38, 45, 46, 44, 30, 29, 28, 20, 19, 17, 16, 18, 27, 54, 41, 52, 51, 22, 21, 0]
331;379;[0, 37, 58, 56, 4, 5, 3, 2, 1, 25, 34, 40, 42, 11, 53, 33, 47, 50, 10, 55, 39, 49, 26, 38, 43, 48, 28, 29, 30, 44, 46, 45, 23, 24, 16, 17, 20, 19, 18, 27, 54, 41, 52, 51, 22, 21, 14, 15, 13, 12, 7, 8, 6, 9, 32, 31, 57, 35, 36, 0]
332;368;[0, 37, 31, 32, 9, 6, 8, 7, 12, 13, 15, 14, 21, 22, 51, 52, 41, 54, 27, 18, 16, 17, 19, 20, 34, 40, 42, 25, 53, 11, 33, 47, 50, 10, 55, 39, 49, 26, 38, 43, 48, 28, 29, 30, 44, 46, 45, 23, 24, 5, 3, 1, 2, 4, 58, 56, 57, 35, 36, 0]
333;360;[0, 37, 58, 56, 4, 2, 1, 3, 5, 24, 23, 45, 46, 44, 30, 29, 28, 38, 43, 48, 26, 49, 39, 55, 10, 50, 47, 53, 25, 34, 40, 42, 11, 33, 20, 19, 17, 16, 18, 27, 54, 41, 52, 51, 22, 21, 14, 15, 13, 12, 7, 8, 6, 9, 32, 31, 57, 35, 36, 0]
334;363;[0, 37, 31, 32, 9, 6, 8, 7, 12, 13, 15, 14, 21, 22, 51, 52, 41, 54, 27, 18, 16, 17, 19, 20, 33, 11, 42, 40, 34, 25, 53, 47, 50, 10, 55, 39, 49, 26, 43, 38, 48, 28, 29, 30, 44, 46, 45, 23, 24, 5, 3, 1, 2, 4, 58, 56, 57, 35, 36, 0]
335;368;[0, 37, 31, 32, 9, 6, 8, 7, 12, 13, 15, 14, 21, 22, 51, 52, 41, 54, 27, 18, 16, 17, 19, 20, 34, 40, 42, 25, 53, 11, 33, 47, 50, 10, 55, 39, 49, 26, 38, 43, 48, 28, 29, 30, 44, 46, 45, 23, 24, 5, 3, 1, 2, 4, 58, 56, 57, 35, 36, 0]
336;363;[0, 37, 31, 32, 9, 6, 8, 7, 12, 13, 15, 14, 21, 22, 51, 52, 41, 54, 27, 18, 16, 17, 19, 20, 33, 11, 42, 40, 34, 25, 53, 47, 50, 10, 55, 39, 49, 26, 38, 43, 48, 28, 29, 30, 44, 46, 45, 23, 24, 5, 3, 1, 2, 4, 58, 56, 57, 35, 36, 0]
337;364;[0, 37, 31, 32, 9, 6, 8, 7, 12, 13, 15, 14, 21, 22, 51, 52, 41, 54, 27, 18, 17, 16, 19, 20, 44, 46, 45, 30, 29, 28, 33, 11, 42, 40, 34, 25, 53, 47, 50, 10, 55, 39, 49, 26, 48, 43, 38, 24, 23, 5, 3, 1, 2, 4, 58, 56, 57, 35, 36, 0]
338;360;[0, 37, 58, 56, 4, 2, 1, 3, 5, 24, 23, 45, 46, 44, 30, 29, 28, 48, 43, 38, 26, 49, 39, 55, 10, 50, 47, 53, 25, 34, 40, 42, 11, 33, 20, 19, 17, 16, 18, 27, 54, 41, 52, 51, 22, 21, 14, 15, 13, 12, 7, 8, 6, 9, 32, 31, 57, 35, 36, 0]
339;361;[0, 37, 58, 56, 4, 2, 1, 3, 5, 24, 23, 44, 46, 45, 38, 43, 48, 26, 49, 39, 55, 10, 50, 47, 53, 25, 34, 40, 42, 11, 33, 28, 29, 30, 20, 19, 17, 16, 18, 27, 54, 41, 52, 51, 22, 21, 14, 15, 13, 12, 7, 8, 6, 9, 32, 31, 57, 35, 36, 0]
340;390;[0, 37, 23, 24, 45, 46, 44, 30, 29, 28, 48, 43, 38, 26, 49, 39, 55, 10, 50, 47, 53, 25, 34, 40, 42, 11, 33, 20, 19, 17, 16, 18, 27, 54, 41, 52, 51, 1, 2, 5, 3, 4, 56, 58, 8, 22, 21, 14, 15, 13, 12, 7, 6, 9, 32, 31, 57, 35, 36, 0]
341;381;[0, 37, 18, 16, 17, 19, 20, 30, 29, 28, 33, 11, 42, 40, 34, 25, 53, 47, 50, 10, 55, 39, 49, 26, 48, 43, 38, 44, 46, 45, 24, 23, 5, 3, 1, 2, 4, 56, 58, 32, 9, 6, 8, 7, 12, 13, 15, 21, 22, 51, 52, 41, 54, 27, 14, 31, 57, 35, 36, 0]
342;368;[0, 37, 24, 23, 45, 46, 44, 30, 29, 28, 48, 43, 38, 26, 49, 39, 55, 10, 50, 47, 53, 25, 34, 40, 42, 11, 33, 20, 19, 17, 16, 18, 27, 54, 41, 52, 51, 22, 21, 14, 15, 13, 12, 7, 8, 6, 9, 31, 32, 58, 56, 4, 5, 3, 2, 1, 57, 35, 36, 0]
343;384;[0, 37, 45, 46, 44, 30, 29, 28, 18, 16, 17, 19, 20, 34, 40, 42, 53, 25, 11, 33, 47, 50, 10, 55, 39, 49, 26, 48, 43, 38, 24, 23, 5, 3, 1, 2, 4, 56, 58, 31, 15, 27, 54, 41, 52, 51, 22, 21, 14, 13, 12, 7, 8, 6, 9, 32, 57, 35, 36, 0]
344;365;[0, 9, 31, 32, 37, 36, 35, 57, 58, 56, 4, 2, 1, 3, 5, 24, 23, 25, 53, 34, 40, 42, 11, 33, 47, 50, 10, 55, 39, 49, 26, 48, 43, 38, 45, 46, 44, 30, 29, 28, 20, 19, 17, 16, 18, 27, 54, 41, 52, 51, 22, 21, 14, 15, 13, 12, 7, 8, 6, 0]
345;382;[0, 37, 31, 32, 9, 6, 8, 7, 12, 13, 15, 14, 21, 22, 51, 52, 41, 54, 27, 18, 20, 19, 17, 16, 24, 23, 45, 46, 44, 30, 29, 28, 48, 43, 38, 26, 49, 39, 55, 10, 50, 47, 33, 11, 42, 40, 34, 53, 25, 1, 3, 5, 2, 4, 58, 56, 57, 35, 36, 0]
346;361;[0, 37, 58, 56, 4, 5, 3, 2, 1, 24, 23, 45, 46, 44, 30, 29, 28, 48, 43, 38, 26, 49, 39, 55, 10, 50, 47, 53, 25, 34, 40, 42, 11, 33, 20, 19, 17, 16, 18, 27, 54, 41, 52, 51, 22, 21, 14, 15, 13, 12, 7, 8, 6, 9, 32, 31, 57, 35, 36, 0]
347;380;[0, 37, 45, 46, 44, 30, 29, 28, 16, 17, 18, 19, 20, 33, 11, 42, 40, 34, 25, 53, 47, 50, 10, 55, 39, 49, 26, 48, 43, 38, 24, 23, 5, 3, 1, 2, 4, 56, 58, 32, 9, 6, 8, 7, 12, 13, 15, 21, 22, 51, 52, 41, 54, 27, 14, 31, 57, 35, 36, 0]
348;363;[0, 37, 31, 32, 9, 6, 8, 7, 12, 13, 15, 14, 21, 22, 51, 52, 41, 54, 27, 18, 16, 17, 19, 20, 33, 11, 42, 40, 34, 25, 53, 47, 50, 10, 55, 39, 49, 26, 38, 43, 48, 28, 29, 30, 44, 46, 45, 23, 24, 5, 3, 1, 2, 4, 58, 56, 57, 35, 36, 0]
349;374;[0, 37, 58, 56, 4, 2, 1, 3, 5, 24, 23, 45, 46, 44, 30, 29, 28, 48, 43, 38, 26, 49, 55, 10, 50, 47, 53, 25, 34, 40, 42, 11, 33, 39, 20, 19, 17, 16, 18, 27, 54, 41, 52, 51, 22, 21, 14, 15, 13, 12, 7, 8, 6, 9, 31, 32, 57, 35, 36, 0]
350;369;[0, 37, 58, 56, 4, 2, 5, 3, 1, 38, 43, 26, 49, 39, 55, 10, 50, 47, 53, 25, 34, 40, 42, 11, 33, 48, 28, 29, 30, 44, 46, 45, 23, 24, 16, 17, 19, 20, 18, 27, 54, 41, 52, 51, 22, 21, 14, 15, 13, 12, 7, 8, 6, 9, 32, 31, 57, 35, 36, 0]
351;363;[0, 37, 58, 56, 4, 5, 2, 3, 1, 38, 43, 48, 26, 49, 39, 55, 10, 50, 47, 53, 25, 34, 40, 42, 11, 33, 28, 29, 30, 44, 46, 45, 23, 24, 16, 17, 19, 20, 18, 27, 54, 41, 52, 51, 22, 21, 14, 15, 13, 12, 7, 8, 6, 9, 32, 31, 57, 35, 36, 0]
352;360;[0, 37, 58, 56, 4, 2, 1, 3, 5, 24, 23, 45, 46, 44, 30, 29, 28, 48, 43, 38, 26, 49, 39, 55, 10, 50, 47, 53, 25, 34, 40, 42, 11, 33, 20, 19, 17, 16, 18, 27, 54, 41, 52, 51, 22, 21, 14, 15, 13, 12, 7, 8, 6, 9, 32, 31, 57, 35, 36, 0]
353;360;[0, 37, 58, 56, 4, 3, 1, 2, 5, 24, 23, 45, 46, 44, 30, 29, 28, 48, 43, 38, 26, 49, 39, 55, 10, 50, 47, 53, 25, 34, 40, 42, 11, 33, 20, 19, 17, 16, 18, 27, 54, 41, 52, 51, 22, 21, 14, 15, 13, 12, 7, 8, 6, 9, 32, 31, 57, 35, 36, 0]
354;370;[0, 37, 31, 32, 9, 6, 8, 7, 12, 13, 15, 14, 21, 22, 51, 52, 41, 54, 27, 24, 23, 38, 43, 48, 26, 49, 39, 55, 10, 50, 47, 53, 25, 34, 40, 42, 11, 33, 20, 19, 17, 16, 18, 28, 29, 30, 44, 46, 45, 5, 3, 1, 2, 4, 58, 56, 57, 35, 36, 0]
355;361;[0, 46, 44, 30, 29, 28, 48, 43, 38, 26, 49, 39, 55, 10, 50, 47, 53, 25, 34, 40, 42, 11, 33, 20, 19, 17, 16, 18, 27, 54, 41, 52, 51, 22, 21, 14, 15, 13, 12, 7, 8, 6, 9, 32, 31, 57, 35, 36, 37, 58, 56, 4, 5, 3, 2, 1, 24, 23, 45, 0]
356;360;[0, 37, 58, 56, 4, 2, 1, 3, 5, 24, 23, 45, 46, 44, 30, 29, 28, 38, 43, 48, 26, 49, 39, 55, 10, 50, 47, 53, 25, 34, 40, 42, 11, 33, 20, 19, 17, 16, 18, 27, 54, 41, 52, 51, 22, 21, 14, 15, 13, 12, 7, 8, 6, 9, 32, 31, 57, 35, 36, 0]
357;363;[0, 37, 58, 56, 4, 2, 5, 3, 1, 38, 43, 48, 26, 49, 39, 55, 10, 50, 47, 53, 25, 34, 40, 42, 11, 33, 28, 29, 30, 44, 46, 45, 23, 24, 16, 17, 19, 20, 18, 27, 54, 41, 52, 51, 22, 21, 14, 15, 13, 12, 7, 8, 6, 9, 32, 31, 57, 35, 36, 0]
358;364;[0, 37, 58, 56, 4, 2, 1, 3, 5, 24, 23, 45, 46, 44, 30, 29, 28, 48, 43, 38, 26, 49, 39, 55, 10, 50, 47, 25, 34, 40, 42, 11, 53, 33, 20, 19, 17, 16, 18, 27, 54, 41, 52, 51, 22, 21, 14, 15, 13, 12, 7, 8, 6, 9, 32, 31, 57, 35, 36, 0]
359;383;[0, 37, 18, 16, 17, 19, 20, 33, 11, 42, 40, 34, 25, 53, 47, 50, 10, 55, 39, 49, 26, 48, 43, 38, 28, 29, 30, 44, 46, 45, 24, 23, 5, 3, 1, 2, 4, 56, 58, 32, 9, 6, 8, 7, 12, 13, 15, 21, 22, 51, 52, 41, 54, 27, 14, 31, 57, 35, 36, 0]
360;364;[0, 37, 31, 32, 9, 6, 8, 7, 12, 13, 15, 14, 21, 22, 51, 52, 41, 54, 27, 18, 16, 17, 19, 20, 33, 11, 42, 40, 34, 25, 53, 47, 50, 10, 55, 39, 49, 26, 38, 43, 48, 28, 29, 30, 44, 46, 45, 23, 24, 1, 3, 2, 5, 4, 58, 56, 57, 35, 36, 0]
361;379;[0, 37, 45, 46, 44, 30, 29, 28, 18, 16, 17, 19, 20, 33, 11, 42, 40, 34, 25, 53, 47, 50, 10, 55, 39, 49, 26, 48, 43, 38, 24, 23, 5, 3, 1, 2, 4, 56, 58, 8, 15, 21, 22, 51, 52, 41, 54, 27, 14, 13, 12, 7, 6, 9, 32, 31, 57, 35, 36, 0]
362;360;[0, 37, 58, 56, 4, 2, 1, 3, 5, 24, 23, 45, 46, 44, 30, 29, 28, 48, 43, 38, 26, 49, 39, 55, 10, 50, 47, 53, 25, 34, 40, 42, 11, 33, 20, 19, 17, 16, 18, 27, 54, 41, 52, 51, 22, 21, 14, 15, 13, 12, 7, 8, 6, 9, 32, 31, 57, 35, 36, 0]
363;360;[0, 37, 58, 56, 4, 3, 1, 2, 5, 24, 23, 45, 46, 44, 38, 43, 48, 26, 49, 39, 55, 10, 50, 47, 53, 25, 34, 40, 42, 11, 33, 28, 29, 30, 20, 19, 17, 16, 18, 27, 54, 41, 52, 51, 22, 21, 14, 15, 13, 12, 7, 8, 6, 9, 32, 31, 57, 35, 36, 0]
364;363;[0, 37, 31, 32, 9, 6, 8, 7, 12, 13, 15, 14, 21, 22, 51, 52, 41, 54, 27, 18, 16, 17, 19, 20, 33, 11, 42, 40, 34, 25, 53, 47, 50, 10, 55, 39, 49, 26, 48, 43, 38, 28, 29, 30, 44, 46, 45, 23, 24, 5, 3, 1, 2, 4, 58, 56, 57, 35, 36, 0]
365;365;[0, 37, 58, 56, 4, 2, 1, 3, 5, 24, 23, 26, 49, 39, 55, 10, 50, 47, 53, 25, 34, 40, 42, 11, 33, 48, 43, 38, 45, 46, 44, 30, 29, 28, 20, 19, 17, 16, 18, 27, 54, 41, 52, 51, 22, 21, 14, 15, 13, 12, 7, 8, 6, 9, 32, 31, 57, 35, 36, 0]
366;360;[0, 37, 58, 56, 4, 2, 1, 3, 5, 24, 23, 45, 46, 44, 30, 29, 28, 48, 43, 38, 26, 49, 39, 55, 10, 50, 47, 53, 25, 34, 40, 42, 11, 33, 20, 19, 17, 16, 18, 27, 54, 41, 52, 51, 22, 21, 14, 15, 13, 12, 7, 8, 6, 9, 32, 31, 57, 35, 36, 0]
367;361;[0, 37, 31, 32, 9, 6, 8, 7, 12, 13, 15, 14, 21, 22, 51, 52, 41, 54, 27, 18, 17, 16, 19, 20, 30, 29, 28, 33, 11, 42, 40, 34, 25, 53, 47, 50, 10, 55, 39, 49, 26, 48, 43, 38, 44, 46, 45, 24, 23, 5, 3, 1, 2, 4, 58, 56, 57, 35, 36, 0]
368;366;[0, 37, 31, 32, 9, 6, 8, 7, 12, 13, 15, 14, 21, 22, 51, 52, 41, 54, 27, 18, 16, 17, 19, 20, 33, 53, 11, 42, 40, 34, 25, 47, 50, 10, 55, 39, 49, 26, 48, 43, 38, 28, 29, 30, 44, 46, 45, 23, 24, 5, 3, 1, 2, 4, 58, 56, 57, 35, 36, 0]
369;381;[0, 37, 18, 16, 17, 19, 20, 30, 29, 28, 33, 11, 42, 40, 34, 25, 53, 47, 50, 10, 55, 39, 49, 26, 48, 43, 38, 44, 46, 45, 23, 24, 5, 3, 1, 2, 4, 56, 58, 32, 9, 6, 8, 7, 12, 13, 15, 21, 22, 51, 52, 41, 54, 27, 14, 31, 57, 35, 36, 0]
370;363;[0, 37, 31, 32, 9, 6, 8, 7, 12, 13, 15, 14, 21, 22, 51, 52, 41, 54, 27, 18, 17, 16, 19, 20, 33, 11, 42, 40, 34, 25, 53, 47, 50, 10, 55, 39, 49, 26, 48, 43, 38, 28, 29, 30, 44, 46, 45, 23, 24, 5, 3, 1, 2, 4, 58, 56, 57, 35, 36, 0]
371;363;[0, 37, 31, 32, 9, 6, 8, 7, 12, 13, 15, 14, 21, 22, 51, 52, 41, 54, 27, 18, 16, 17, 19, 20, 33, 11, 42, 40, 34, 25, 53, 47, 50, 10, 55, 39, 49, 26, 43, 38, 48, 28, 29, 30, 44, 46, 45, 23, 24, 5, 3, 1, 2, 4, 58, 56, 57, 35, 36, 0]
372;363;[0, 37, 31, 32, 9, 6, 8, 7, 13, 12, 15, 14, 21, 22, 51, 52, 41, 54, 27, 18, 16, 17, 19, 20, 33, 11, 42, 40, 34, 25, 53, 47, 50, 10, 55, 39, 49, 26, 38, 43, 48, 28, 29, 30, 44, 46, 45, 24, 23, 5, 3, 1, 2, 4, 56, 58, 57, 35, 36, 0]
373;360;[0, 37, 58, 56, 4, 2, 1, 3, 5, 24, 23, 45, 46, 44, 30, 29, 28, 48, 43, 38, 26, 49, 39, 55, 10, 50, 47, 53, 25, 34, 40, 42, 11, 33, 20, 19, 17, 16, 18, 27, 54, 41, 52, 51, 22, 21, 14, 15, 13, 12, 7, 8, 6, 9, 32, 31, 57, 35, 36, 0]
374;382;[0, 15, 6, 9, 32, 31, 57, 58, 56, 5, 24, 23, 45, 46, 44, 30, 29, 28, 48, 43, 38, 26, 49, 39, 55, 10, 50, 47, 53, 25, 34, 40, 42, 11, 33, 20, 19, 17, 16, 18, 3, 1, 2, 4, 36, 35, 37, 8, 7, 12, 13, 14, 21, 22, 51, 52, 41, 54, 27, 0]
375;363;[0, 37, 31, 32, 9, 6, 8, 7, 12, 13, 15, 14, 21, 22, 51, 52, 41, 54, 27, 18, 16, 17, 19, 20, 33, 11, 42, 40, 34, 25, 53, 47, 50, 10, 55, 39, 49, 26, 38, 43, 48, 28, 29, 30, 44, 46, 45, 23, 24, 5, 3, 1, 2, 4, 58, 56, 57, 35, 36, 0]
376;363;[0, 37, 31, 32, 9, 6, 8, 7, 12, 13, 15, 14, 21, 22, 51, 52, 41, 54, 27, 18, 16, 17, 19, 20, 33, 11, 42, 40, 34, 25, 53, 47, 50, 10, 55, 39, 49, 26, 38, 43, 48, 28, 29, 30, 44, 46, 45, 23, 24, 5, 3, 1, 2, 4, 58, 56, 57, 35, 36, 0]
377;364;[0, 37, 35, 36, 57, 31, 32, 9, 6, 8, 7, 12, 13, 15, 14, 21, 22, 51, 52, 41, 54, 27, 18, 16, 17, 19, 20, 33, 11, 42, 40, 34, 25, 53, 47, 50, 10, 55, 39, 49, 26, 38, 43, 48, 28, 29, 30, 44, 46, 45, 23, 24, 5, 3, 1, 2, 4, 56, 58, 0]
378;368;[0, 37, 58, 56, 4, 2, 1, 3, 5, 24, 23, 45, 46, 44, 38, 43, 48, 26, 49, 39, 55, 10, 50, 47, 33, 53, 25, 11, 42, 40, 34, 28, 29, 30, 16, 17, 20, 19, 18, 27, 54, 41, 52, 51, 22, 21, 14, 15, 13, 12, 7, 8, 6, 9, 31, 32, 57, 35, 36, 0]
379;366;[0, 37, 31, 32, 9, 6, 8, 7, 13, 12, 15, 14, 21, 22, 51, 52, 41, 54, 27, 18, 16, 17, 19, 20, 33, 53, 11, 42, 40, 34, 25, 47, 50, 10, 55, 39, 49, 26, 38, 43, 48, 28, 29, 30, 44, 46, 45, 23, 24, 5, 3, 1, 2, 4, 58, 56, 57, 35, 36, 0]
380;364;[0, 37, 31, 32, 9, 6, 8, 7, 13, 12, 15, 14, 21, 22, 51, 52, 41, 54, 27, 18, 20, 19, 17, 16, 45, 46, 44, 30, 29, 28, 33, 11, 42, 40, 34, 25, 53, 47, 50, 10, 55, 39, 49, 26, 48, 43, 38, 24, 23, 5, 3, 1, 2, 4, 58, 56, 57, 35, 36, 0]
381;364;[0, 37, 58, 56, 4, 2, 1, 3, 5, 24, 23, 38, 43, 48, 26, 49, 39, 55, 10, 50, 47, 53, 25, 34, 40, 42, 11, 33, 28, 29, 30, 45, 46, 44, 20, 19, 17, 16, 18, 27, 54, 41, 52, 51, 22, 21, 14, 15, 13, 12, 7, 8, 6, 9, 32, 31, 57, 35, 36, 0]
382;360;[0, 37, 58, 56, 4, 2, 1, 3, 5, 24, 23, 45, 46, 44, 30, 29, 28, 48, 43, 38, 26, 49, 39, 55, 10, 50, 47, 53, 25, 34, 40, 42, 11, 33, 20, 19, 17, 16, 18, 27, 54, 41, 52, 51, 22, 21, 14, 15, 13, 12, 7, 8, 6, 9, 32, 31, 57, 35, 36, 0]
383;361;[0, 33, 20, 19, 17, 16, 18, 27, 54, 41, 52, 51, 22, 21, 14, 15, 13, 12, 7, 8, 6, 9, 32, 31, 57, 37, 35, 36, 56, 58, 4, 2, 1, 3, 5, 24, 23, 45, 46, 44, 30, 29, 28, 48, 43, 38, 26, 49, 39, 55, 10, 50, 47, 53, 25, 34, 40, 42, 11, 0]
384;367;[0, 37, 31, 32, 9, 6, 8, 7, 12, 13, 15, 14, 21, 22, 51, 52, 41, 54, 27, 18, 20, 19, 17, 16, 23, 24, 38, 43, 48, 26, 49, 39, 55, 10, 50, 47, 53, 25, 34, 40, 42, 11, 33, 28, 29, 30, 44, 46, 45, 5, 3, 1, 2, 4, 58, 56, 57, 35, 36, 0]
385;364;[0, 55, 39, 49, 26, 38, 43, 48, 28, 29, 30, 44, 46, 45, 24, 23, 5, 2, 1, 3, 4, 56, 58, 37, 36, 35, 57, 31, 32, 9, 6, 8, 7, 12, 13, 15, 14, 21, 22, 51, 52, 41, 54, 27, 18, 16, 17, 19, 20, 33, 11, 42, 40, 34, 25, 53, 47, 50, 10, 0]
386;363;[0, 37, 58, 56, 4, 5, 2, 3, 1, 38, 43, 48, 26, 49, 39, 55, 10, 50, 47, 53, 25, 34, 40, 42, 11, 33, 28, 29, 30, 44, 46, 45, 23, 24, 16, 17, 19, 20, 18, 27, 54, 41, 52, 51, 22, 21, 14, 15, 13, 12, 7, 8, 6, 9, 32, 31, 57, 35, 36, 0]
387;361;[0, 37, 58, 56, 4, 2, 1, 3, 5, 24, 23, 45, 46, 44, 38, 43, 48, 26, 49, 39, 55, 10, 50, 47, 53, 25, 34, 40, 42, 11, 33, 28, 29, 30, 20, 17, 16, 19, 18, 27, 54, 41, 52, 51, 22, 21, 14, 15, 13, 12, 7, 8, 6, 9, 32, 31, 57, 35, 36, 0]
388;373;[0, 37, 31, 32, 9, 6, 8, 7, 12, 13, 15, 14, 21, 22, 51, 52, 41, 54, 27, 18, 16, 17, 19, 20, 28, 34, 40, 42, 11, 25, 53, 33, 47, 50, 10, 55, 39, 49, 26, 48, 43, 38, 29, 30, 44, 46, 45, 23, 24, 5, 3, 1, 2, 4, 58, 56, 57, 35, 36, 0]
389;365;[0, 37, 58, 56, 4, 2, 1, 3, 5, 24, 23, 26, 49, 39, 55, 10, 50, 47, 53, 25, 34, 40, 42, 11, 33, 48, 43, 38, 45, 46, 44, 30, 29, 28, 20, 19, 17, 16, 18, 27, 54, 41, 52, 51, 22, 21, 14, 15, 13, 12, 7, 8, 6, 9, 32, 31, 57, 35, 36, 0]
390;367;[0, 37, 31, 32, 9, 6, 8, 7, 12, 13, 15, 14, 21, 22, 51, 52, 41, 54, 27, 18, 20, 19, 17, 16, 24, 23, 38, 43, 48, 26, 49, 39, 55, 10, 50, 47, 53, 25, 34, 40, 42, 11, 33, 28, 29, 30, 44, 46, 45, 5, 3, 1, 2, 4, 58, 56, 57, 35, 36, 0]
391;363;[0, 37, 31, 32, 9, 6, 8, 7, 12, 13, 15, 14, 21, 22, 51, 52, 41, 54, 27, 18, 16, 17, 19, 20, 33, 11, 42, 40, 34, 25, 53, 47, 50, 10, 55, 39, 49, 26, 38, 43, 48, 28, 29, 30, 44, 46, 45, 23, 24, 5, 3, 1, 2, 4, 58, 56, 57, 35, 36, 0]
392;360;[0, 37, 58, 56, 4, 2, 1, 3, 5, 24, 23, 45, 46, 44, 30, 29, 28, 48, 43, 38, 26, 49, 39, 55, 10, 50, 47, 53, 25, 34, 40, 42, 11, 33, 20, 19, 17, 16, 18, 27, 54, 41, 52, 51, 22, 21, 14, 15, 13, 12, 7, 8, 6, 9, 31, 32, 57, 35, 36, 0]
393;360;[0, 37, 58, 56, 4, 2, 1, 3, 5, 24, 23, 45, 46, 44, 30, 29, 28, 48, 43, 38, 26, 49, 39, 55, 10, 50, 47, 53, 25, 34, 40, 42, 11, 33, 20, 19, 17, 16, 18, 27, 54, 41, 52, 51, 22, 21, 14, 15, 13, 12, 7, 8, 6, 9, 32, 31, 57, 35, 36, 0]
394;360;[0, 37, 58, 56, 4, 2, 1, 3, 5, 24, 23, 45, 46, 44, 30, 29, 28, 48, 43, 38, 26, 49, 39, 55, 10, 50, 47, 53, 25, 34, 40, 42, 11, 33, 20, 19, 17, 16, 18, 27, 54, 41, 52, 51, 22, 21, 14, 15, 13, 12, 7, 8, 6, 9, 32, 31, 57, 35, 36, 0]
395;367;[0, 37, 58, 56, 4, 2, 1, 3, 5, 38, 43, 48, 26, 49, 39, 55, 10, 50, 47, 53, 25, 34, 40, 42, 11, 33, 20, 19, 17, 16, 18, 28, 29, 30, 44, 46, 45, 23, 24, 51, 52, 41, 54, 27, 22, 21, 14, 15, 13, 12, 7, 8, 6, 9, 31, 32, 57, 35, 36, 0]
396;360;[0, 37, 58, 56, 4, 2, 1, 3, 5, 24, 23, 45, 46, 44, 30, 29, 28, 48, 43, 38, 26, 49, 39, 55, 10, 50, 47, 53, 25, 34, 40, 42, 11, 33, 20, 19, 17, 16, 18, 27, 54, 41, 52, 51, 22, 21, 14, 15, 13, 12, 7, 8, 6, 9, 32, 31, 57, 35, 36, 0]
397;364;[0, 37, 31, 32, 9, 6, 8, 7, 12, 13, 15, 14, 21, 22, 51, 52, 41, 54, 27, 18, 20, 19, 17, 16, 45, 46, 44, 30, 29, 28, 33, 11, 42, 40, 34, 25, 53, 47, 50, 10, 55, 39, 49, 26, 48, 43, 38, 24, 23, 5, 3, 1, 2, 4, 58, 56, 57, 35, 36, 0]
398;366;[0, 37, 58, 56, 4, 2, 1, 3, 5, 45, 46, 44, 30, 29, 28, 18, 16, 17, 19, 20, 33, 11, 42, 40, 34, 25, 53, 47, 50, 10, 55, 39, 49, 26, 48, 43, 38, 23, 24, 51, 52, 41, 54, 27, 22, 21, 14, 15, 13, 12, 7, 8, 6, 9, 32, 31, 57, 35, 36, 0]
399;360;[0, 37, 58, 56, 4, 2, 1, 3, 5, 24, 23, 45, 46, 44, 38, 43, 48, 26, 49, 39, 55, 10, 50, 47, 53, 25, 34, 40, 42, 11, 33, 28, 29, 30, 20, 19, 17, 16, 18, 27, 54, 41, 52, 51, 22, 21, 14, 15, 13, 12, 7, 8, 6, 9, 32, 31, 57, 35, 36, 0]
400;360;[0, 37, 58, 56, 4, 2, 1, 3, 5, 24, 23, 45, 46, 44, 30, 29, 28, 38, 43, 48, 26, 49, 39, 55, 10, 50, 47, 53, 25, 34, 40, 42, 11, 33, 20, 19, 17, 16, 18, 27, 54, 41, 52, 51, 22, 21, 14, 15, 13, 12, 7, 8, 6, 9, 32, 31, 57, 35, 36, 0]
401;361;[0, 37, 58, 56, 4, 5, 3, 2, 1, 24, 23, 45, 46, 44, 30, 29, 28, 48, 43, 38, 26, 49, 39, 55, 10, 50, 47, 53, 25, 34, 40, 42, 11, 33, 20, 19, 17, 16, 18, 27, 54, 41, 52, 51, 22, 21, 14, 15, 13, 12, 7, 8, 6, 9, 32, 31, 57, 35, 36, 0]
402;361;[0, 6, 9, 31, 32, 36, 35, 37, 57, 58, 56, 4, 2, 1, 3, 5, 24, 23, 45, 46, 44, 30, 29, 28, 48, 43, 38, 26, 49, 39, 55, 10, 50, 47, 53, 25, 34, 40, 42, 11, 33, 20, 19, 17, 16, 18, 27, 54, 41, 52, 51, 22, 21, 14, 15, 13, 12, 7, 8, 0]
403;363;[0, 37, 31, 32, 9, 6, 8, 7, 12, 13, 15, 14, 21, 22, 51, 52, 41, 54, 27, 18, 16, 17, 19, 20, 33, 11, 42, 40, 34, 25, 53, 47, 50, 10, 55, 39, 49, 26, 38, 43, 48, 28, 29, 30, 44, 46, 45, 23, 24, 5, 3, 1, 2, 4, 56, 58, 57, 35, 36, 0]
404;363;[0, 37, 31, 32, 9, 6, 8, 7, 12, 13, 15, 14, 21, 22, 51, 52, 41, 54, 27, 18, 16, 17, 19, 20, 33, 11, 42, 40, 34, 25, 53, 47, 50, 10, 55, 39, 49, 26, 38, 43, 48, 28, 29, 30, 44, 46, 45, 24, 23, 5, 2, 1, 3, 4, 56, 58, 57, 35, 36, 0]
405;366;[0, 37, 58, 56, 4, 2, 1, 3, 5, 24, 23, 38, 43, 26, 49, 39, 55, 10, 50, 47, 53, 25, 34, 40, 42, 11, 33, 48, 45, 46, 44, 30, 29, 28, 20, 19, 17, 16, 18, 27, 54, 41, 52, 51, 22, 21, 14, 15, 13, 12, 7, 8, 6, 9, 32, 31, 57, 35, 36, 0]
406;364;[0, 37, 31, 32, 9, 6, 8, 7, 13, 12, 15, 14, 21, 22, 51, 52, 41, 54, 27, 18, 20, 19, 17, 16, 45, 46, 44, 30, 29, 28, 33, 11, 42, 40, 34, 25, 53, 47, 50, 10, 55, 39, 49, 26, 48, 43, 38, 24, 23, 5, 3, 1, 2, 4, 56, 58, 57, 35, 36, 0]
407;366;[0, 37, 35, 36, 58, 56, 4, 5, 3, 2, 1, 23, 24, 38, 43, 48, 26, 49, 39, 55, 10, 50, 47, 53, 25, 34, 40, 42, 11, 33, 28, 29, 30, 45, 46, 44, 20, 19, 17, 16, 18, 27, 54, 41, 52, 51, 22, 21, 14, 15, 13, 12, 7, 8, 6, 9, 32, 31, 57, 0]
408;383;[0, 37, 18, 16, 17, 19, 20, 33, 11, 42, 40, 34, 25, 53, 47, 50, 10, 55, 39, 49, 26, 38, 43, 48, 28, 29, 30, 44, 46, 45, 23, 24, 5, 3, 1, 2, 4, 56, 58, 31, 7, 12, 13, 15, 14, 21, 22, 51, 52, 41, 54, 27, 8, 6, 9, 32, 57, 35, 36, 0]
409;361;[0, 37, 58, 56, 4, 5, 3, 2, 1, 24, 23, 45, 46, 44, 30, 29, 28, 48, 43, 38, 26, 49, 39, 55, 10, 50, 47, 53, 25, 34, 40, 42, 11, 33, 20, 19, 17, 16, 18, 27, 54, 41, 52, 51, 22, 21, 14, 15, 13, 12, 7, 8, 6, 9, 32, 31, 57, 35, 36, 0]
410;363;[0, 37, 31, 32, 9, 6, 8, 7, 12, 13, 15, 14, 21, 22, 51, 52, 41, 54, 27, 18, 16, 17, 19, 20, 33, 11, 42, 40, 34, 25, 53, 47, 50, 10, 55, 39, 49, 26, 38, 43, 48, 28, 29, 30, 44, 46, 45, 23, 24, 5, 3, 1, 2, 4, 56, 58, 57, 35, 36, 0]
411;365;[0, 37, 58, 56, 4, 2, 1, 3, 5, 24, 23, 26, 49, 39, 55, 10, 50, 47, 53, 25, 34, 40, 42, 11, 33, 48, 43, 38, 45, 46, 44, 30, 29, 28, 20, 19, 17, 16, 18, 27, 54, 41, 52, 51, 22, 21, 14, 15, 13, 12, 7, 8, 6, 9, 32, 31, 57, 35, 36, 0]
412;382;[0, 37, 31, 32, 9, 6, 8, 7, 12, 13, 15, 14, 21, 22, 51, 52, 41, 54, 27, 18, 20, 19, 17, 16, 24, 23, 45, 46, 44, 30, 29, 28, 48, 43, 38, 26, 49, 39, 55, 10, 50, 47, 33, 11, 42, 40, 34, 53, 25, 1, 3, 5, 2, 4, 58, 56, 57, 35, 36, 0]
413;382;[0, 37, 16, 17, 18, 19, 20, 33, 11, 42, 40, 34, 25, 53, 47, 50, 10, 55, 39, 49, 26, 38, 43, 48, 28, 29, 30, 44, 46, 45, 23, 24, 5, 3, 1, 2, 4, 56, 58, 32, 7, 12, 13, 15, 14, 21, 22, 51, 52, 41, 54, 27, 8, 6, 9, 31, 57, 35, 36, 0]
414;367;[0, 37, 31, 32, 9, 6, 8, 7, 12, 13, 15, 14, 21, 22, 51, 52, 41, 54, 27, 18, 16, 17, 19, 20, 28, 33, 11, 42, 40, 34, 25, 53, 47, 50, 10, 55, 39, 49, 26, 38, 43, 48, 29, 30, 44, 46, 45, 23, 24, 5, 3, 1, 2, 4, 56, 58, 57, 35, 36, 0]
415;361;[0, 37, 58, 56, 4, 2, 1, 3, 5, 24, 23, 44, 46, 45, 38, 43, 48, 26, 49, 39, 55, 10, 50, 47, 53, 25, 34, 40, 42, 11, 33, 28, 29, 30, 20, 19, 17, 16, 18, 27, 54, 41, 52, 51, 22, 21, 14, 15, 13, 12, 7, 8, 6, 9, 31, 32, 57, 35, 36, 0]
416;365;[0, 37, 58, 56, 4, 2, 1, 3, 5, 24, 23, 26, 49, 39, 55, 10, 50, 47, 53, 25, 34, 40, 42, 11, 33, 48, 43, 38, 45, 46, 44, 30, 29, 28, 20, 19, 17, 16, 18, 27, 54, 41, 52, 51, 22, 21, 14, 15, 13, 12, 7, 8, 6, 9, 32, 31, 57, 35, 36, 0]
417;380;[0, 37, 14, 21, 22, 51, 52, 41, 54, 27, 15, 13, 12, 7, 8, 6, 9, 32, 31, 57, 56, 58, 4, 5, 3, 2, 1, 24, 23, 45, 46, 44, 38, 43, 48, 26, 49, 39, 55, 10, 50, 47, 53, 25, 34, 40, 42, 11, 33, 28, 29, 30, 20, 19, 18, 17, 16, 35, 36, 0]
418;360;[0, 37, 58, 56, 4, 2, 1, 3, 5, 24, 23, 45, 46, 44, 30, 29, 28, 48, 43, 38, 26, 49, 39, 55, 10, 50, 47, 53, 25, 34, 40, 42, 11, 33, 20, 19, 17, 16, 18, 27, 54, 41, 52, 51, 22, 21, 14, 15, 13, 12, 7, 8, 6, 9, 32, 31, 57, 35, 36, 0]
419;365;[0, 37, 58, 56, 4, 2, 1, 3, 5, 24, 23, 26, 49, 39, 55, 10, 50, 47, 53, 25, 34, 40, 42, 11, 33, 48, 43, 38, 45, 46, 44, 30, 29, 28, 20, 19, 17, 16, 18, 27, 54, 41, 52, 51, 22, 21, 14, 15, 13, 12, 7, 8, 6, 9, 32, 31, 57, 35, 36, 0]
420;361;[0, 37, 58, 56, 4, 5, 2, 3, 1, 24, 23, 45, 46, 44, 30, 29, 28, 48, 43, 38, 26, 49, 39, 55, 10, 50, 47, 53, 25, 34, 40, 42, 11, 33, 20, 19, 17, 16, 18, 27, 54, 41, 52, 51, 22, 21, 14, 15, 13, 12, 7, 8, 6, 9, 32, 31, 57, 35, 36, 0]
421;367;[0, 37, 58, 56, 4, 2, 1, 3, 5, 38, 43, 48, 26, 49, 39, 55, 10, 50, 47, 53, 25, 34, 40, 42, 11, 33, 20, 19, 17, 16, 18, 28, 29, 30, 44, 46, 45, 23, 24, 51, 52, 41, 54, 27, 22, 21, 14, 15, 13, 12, 7, 8, 6, 9, 32, 31, 57, 35, 36, 0]
422;364;[0, 37, 35, 36, 57, 31, 32, 9, 6, 8, 7, 12, 13, 15, 14, 21, 22, 51, 52, 41, 54, 27, 18, 16, 17, 19, 20, 33, 11, 42, 40, 34, 25, 53, 47, 50, 10, 55, 39, 49, 26, 38, 43, 48, 28, 29, 30, 44, 46, 45, 23, 24, 5, 3, 1, 2, 4, 56, 58, 0]
423;367;[0, 28, 34, 40, 42, 25, 53, 11, 33, 47, 50, 10, 55, 39, 49, 26, 48, 43, 38, 24, 23, 16, 17, 19, 20, 18, 27, 54, 41, 52, 51, 22, 21, 14, 15, 13, 12, 7, 8, 6, 9, 32, 31, 57, 35, 36, 37, 58, 56, 4, 3, 5, 2, 1, 45, 46, 44, 30, 29, 0]
424;368;[0, 37, 58, 56, 4, 2, 1, 3, 5, 24, 23, 38, 43, 48, 26, 49, 39, 55, 10, 50, 47, 25, 34, 40, 42, 11, 53, 33, 28, 29, 44, 46, 45, 30, 20, 19, 17, 16, 18, 27, 54, 41, 52, 51, 22, 21, 14, 15, 13, 12, 7, 8, 6, 9, 32, 31, 57, 35, 36, 0]
425;360;[0, 37, 58, 56, 4, 2, 1, 3, 5, 24, 23, 45, 46, 44, 30, 29, 28, 48, 43, 38, 26, 49, 39, 55, 10, 50, 47, 53, 25, 34, 40, 42, 11, 33, 20, 19, 17, 16, 18, 27, 54, 41, 52, 51, 22, 21, 14, 15, 13, 12, 7, 8, 6, 9, 32, 31, 57, 35, 36, 0]
426;363;[0, 37, 31, 32, 9, 6, 8, 7, 12, 13, 15, 14, 21, 22, 51, 52, 41, 54, 27, 18, 16, 17, 19, 20, 33, 11, 42, 40, 34, 25, 53, 47, 50, 10, 55, 39, 49, 26, 38, 43, 48, 28, 29, 30, 44, 46, 45, 23, 24, 5, 3, 1, 2, 4, 58, 56, 57, 35, 36, 0]
427;360;[0, 37, 58, 56, 4, 2, 1, 3, 5, 24, 23, 45, 46, 44, 30, 29, 28, 48, 43, 38, 26, 49, 39, 55, 10, 50, 47, 53, 25, 34, 40, 42, 11, 33, 20, 19, 17, 16, 18, 27, 54, 41, 52, 51, 22, 21, 14, 15, 13, 12, 7, 8, 6, 9, 32, 31, 57, 35, 36, 0]
428;366;[0, 37, 58, 56, 4, 2, 1, 3, 5, 24, 23, 45, 46, 44, 38, 43, 26, 49, 39, 55, 10, 50, 47, 53, 25, 34, 40, 42, 11, 33, 48, 28, 29, 30, 20, 19, 17, 16, 18, 27, 54, 41, 52, 51, 22, 21, 14, 15, 13, 12, 7, 8, 6, 9, 32, 31, 57, 35, 36, 0]
429;360;[0, 37, 58, 56, 4, 2, 1, 3, 5, 24, 23, 45, 46, 44, 30, 29, 28, 48, 43, 38, 26, 49, 39, 55, 10, 50, 47, 53, 25, 34, 40, 42, 11, 33, 20, 19, 17, 16, 18, 27, 54, 41, 52, 51, 22, 21, 14, 15, 13, 12, 7, 8, 6, 9, 32, 31, 57, 35, 36, 0]
430;367;[0, 37, 35, 36, 57, 31, 32, 9, 6, 8, 7, 12, 13, 15, 14, 21, 22, 51, 52, 41, 54, 27, 18, 17, 16, 19, 20, 33, 53, 11, 42, 40, 34, 25, 47, 50, 10, 55, 39, 49, 26, 38, 43, 48, 28, 29, 30, 44, 46, 45, 23, 24, 5, 3, 1, 2, 4, 56, 58, 0]
431;363;[0, 37, 31, 32, 9, 6, 8, 7, 12, 13, 15, 14, 21, 22, 51, 52, 41, 54, 27, 18, 16, 17, 19, 20, 33, 11, 42, 40, 34, 25, 53, 47, 50, 10, 55, 39, 49, 26, 48, 43, 38, 28, 29, 30, 44, 46, 45, 23, 24, 5, 3, 1, 2, 4, 58, 56, 57, 35, 36, 0]
432;395;[0, 37, 57, 58, 56, 4, 2, 1, 3, 5, 24, 23, 45, 46, 44, 30, 29, 28, 16, 17, 18, 19, 20, 48, 43, 38, 26, 49, 39, 55, 10, 50, 47, 33, 11, 42, 40, 34, 25, 53, 15, 27, 54, 41, 52, 51, 22, 21, 14, 13, 12, 7, 8, 6, 9, 31, 32, 35, 36, 0]
433;374;[0, 37, 58, 56, 4, 2, 1, 3, 5, 24, 23, 45, 46, 44, 30, 29, 28, 38, 43, 48, 26, 49, 55, 10, 50, 47, 53, 25, 34, 40, 42, 11, 33, 39, 20, 19, 17, 16, 18, 27, 54, 41, 52, 51, 22, 21, 14, 15, 13, 12, 7, 8, 6, 9, 32, 31, 57, 35, 36, 0]
434;361;[0, 37, 58, 56, 4, 5, 3, 2, 1, 23, 24, 45, 46, 44, 30, 29, 28, 38, 43, 48, 26, 49, 39, 55, 10, 50, 47, 53, 25, 34, 40, 42, 11, 33, 20, 19, 17, 16, 18, 27, 54, 41, 52, 51, 22, 21, 14, 15, 13, 12, 7, 8, 6, 9, 32, 31, 57, 35, 36, 0]
435;378;[0, 37, 45, 46, 44, 30, 29, 28, 18, 16, 17, 19, 20, 33, 11, 42, 40, 34, 25, 53, 47, 50, 10, 55, 39, 49, 26, 48, 43, 38, 24, 23, 5, 3, 1, 2, 4, 56, 58, 32, 9, 6, 8, 15, 27, 54, 41, 52, 51, 22, 21, 14, 13, 12, 7, 31, 57, 35, 36, 0]
436;361;[0, 37, 58, 56, 4, 5, 3, 2, 1, 23, 24, 45, 46, 44, 30, 29, 28, 38, 43, 48, 26, 49, 39, 55, 10, 50, 47, 53, 25, 34, 40, 42, 11, 33, 20, 19, 17, 16, 18, 27, 54, 41, 52, 51, 22, 21, 14, 15, 13, 12, 7, 8, 6, 9, 32, 31, 57, 35, 36, 0]
437;363;[0, 37, 31, 32, 9, 6, 8, 7, 12, 13, 15, 14, 21, 22, 51, 52, 41, 54, 27, 18, 16, 17, 19, 20, 33, 11, 42, 40, 34, 25, 53, 47, 50, 10, 55, 39, 49, 26, 38, 43, 48, 28, 29, 30, 44, 46, 45, 23, 24, 5, 3, 1, 2, 4, 56, 58, 57, 35, 36, 0]
438;364;[0, 37, 58, 56, 4, 2, 1, 3, 5, 24, 23, 45, 46, 44, 30, 29, 28, 48, 43, 38, 26, 49, 39, 55, 10, 50, 47, 53, 25, 34, 40, 42, 11, 33, 20, 19, 17, 16, 18, 54, 41, 27, 51, 52, 22, 21, 14, 15, 13, 12, 7, 8, 6, 9, 32, 31, 57, 35, 36, 0]
439;376;[0, 37, 58, 56, 4, 3, 1, 2, 5, 24, 23, 45, 46, 44, 30, 29, 28, 48, 43, 38, 26, 49, 39, 55, 10, 50, 47, 33, 11, 53, 25, 34, 42, 40, 20, 19, 17, 16, 18, 27, 54, 41, 52, 51, 22, 21, 14, 15, 13, 12, 7, 8, 6, 9, 32, 31, 57, 35, 36, 0]
440;366;[0, 37, 58, 56, 4, 5, 3, 2, 1, 24, 23, 26, 49, 39, 55, 10, 50, 47, 53, 25, 34, 40, 42, 11, 33, 48, 43, 38, 45, 46, 44, 30, 29, 28, 20, 19, 17, 16, 18, 27, 54, 41, 52, 51, 22, 21, 14, 15, 13, 12, 7, 8, 6, 9, 32, 31, 57, 35, 36, 0]
441;360;[0, 37, 58, 56, 4, 2, 1, 3, 5, 24, 23, 45, 46, 44, 30, 29, 28, 48, 43, 38, 26, 49, 39, 55, 10, 50, 47, 53, 25, 34, 40, 42, 11, 33, 20, 19, 17, 16, 18, 27, 54, 41, 52, 51, 22, 21, 14, 15, 13, 12, 7, 8, 6, 9, 32, 31, 57, 35, 36, 0]
442;360;[0, 37, 58, 56, 4, 2, 1, 3, 5, 24, 23, 45, 46, 44, 38, 43, 48, 26, 49, 39, 55, 10, 50, 47, 53, 25, 34, 40, 42, 11, 33, 28, 29, 30, 20, 19, 17, 16, 18, 27, 54, 41, 52, 51, 22, 21, 14, 15, 13, 12, 7, 8, 6, 9, 32, 31, 57, 35, 36, 0]
443;363;[0, 37, 31, 32, 9, 6, 8, 7, 12, 13, 15, 14, 21, 22, 51, 52, 41, 54, 27, 18, 17, 16, 19, 20, 33, 11, 42, 40, 34, 25, 53, 47, 50, 10, 55, 39, 49, 26, 38, 43, 48, 28, 29, 30, 44, 46, 45, 23, 24, 5, 3, 1, 2, 4, 58, 56, 57, 35, 36, 0]
444;374;[0, 37, 31, 32, 9, 6, 8, 7, 12, 13, 15, 14, 21, 22, 54, 41, 27, 51, 52, 24, 23, 38, 43, 48, 26, 49, 39, 55, 10, 50, 47, 53, 25, 34, 40, 42, 11, 33, 20, 19, 17, 16, 18, 28, 29, 30, 44, 46, 45, 5, 3, 1, 2, 4, 58, 56, 57, 35, 36, 0]
445;363;[0, 37, 31, 32, 9, 6, 8, 7, 12, 13, 15, 14, 21, 22, 51, 52, 41, 54, 27, 18, 16, 17, 19, 20, 33, 11, 42, 40, 34, 25, 53, 47, 50, 10, 55, 39, 49, 26, 38, 43, 48, 28, 29, 30, 44, 46, 45, 23, 24, 5, 2, 1, 3, 4, 58, 56, 57, 35, 36, 0]
446;385;[0, 37, 18, 20, 19, 17, 16, 24, 23, 38, 43, 48, 26, 49, 39, 55, 10, 50, 47, 53, 25, 34, 40, 42, 11, 33, 28, 29, 30, 44, 46, 45, 5, 3, 1, 2, 4, 56, 58, 32, 9, 6, 8, 15, 27, 54, 41, 52, 51, 22, 21, 14, 13, 12, 7, 31, 57, 35, 36, 0]
447;365;[0, 37, 58, 56, 4, 2, 1, 3, 5, 24, 23, 26, 49, 39, 55, 10, 50, 47, 53, 25, 34, 40, 42, 11, 33, 48, 43, 38, 45, 46, 44, 30, 29, 28, 20, 19, 17, 16, 18, 27, 54, 41, 52, 51, 22, 21, 14, 15, 13, 12, 7, 8, 6, 9, 31, 32, 57, 35, 36, 0]
448;363;[0, 37, 31, 32, 9, 6, 8, 7, 12, 13, 15, 14, 21, 22, 51, 52, 41, 54, 27, 18, 16, 17, 19, 20, 33, 11, 42, 40, 34, 25, 53, 47, 50, 10, 55, 39, 49, 26, 38, 43, 48, 28, 29, 30, 44, 46, 45, 23, 24, 5, 3, 1, 2, 4, 56, 58, 57, 35, 36, 0]
449;365;[0, 37, 58, 56, 4, 2, 1, 3, 5, 24, 23, 26, 49, 39, 55, 10, 50, 47, 53, 25, 34, 40, 42, 11, 33, 48, 43, 38, 45, 46, 44, 30, 29, 28, 20, 19, 17, 16, 18, 27, 54, 41, 52, 51, 22, 21, 14, 15, 13, 12, 7, 8, 6, 9, 32, 31, 57, 35, 36, 0]
450;363;[0, 37, 31, 32, 9, 6, 8, 7, 12, 13, 15, 14, 21, 22, 51, 52, 41, 54, 27, 18, 16, 17, 19, 20, 33, 11, 42, 40, 34, 25, 53, 47, 50, 10, 55, 39, 49, 26, 48, 43, 38, 28, 29, 30, 44, 46, 45, 23, 24, 5, 2, 1, 3, 4, 58, 56, 57, 35, 36, 0]
451;361;[0, 37, 58, 56, 4, 5, 3, 2, 1, 23, 24, 45, 46, 44, 30, 29, 28, 48, 43, 38, 26, 49, 39, 55, 10, 50, 47, 53, 25, 34, 40, 42, 11, 33, 20, 19, 17, 16, 18, 27, 54, 41, 52, 51, 22, 21, 14, 15, 13, 12, 7, 8, 6, 9, 32, 31, 57, 35, 36, 0]
452;361;[0, 37, 58, 56, 4, 2, 1, 3, 5, 24, 23, 44, 46, 45, 38, 43, 48, 26, 49, 39, 55, 10, 50, 47, 53, 25, 34, 40, 42, 11, 33, 28, 29, 30, 20, 19, 17, 16, 18, 27, 54, 41, 52, 51, 22, 21, 14, 15, 13, 12, 7, 8, 6, 9, 32, 31, 57, 35, 36, 0]
453;360;[0, 37, 58, 56, 4, 2, 1, 3, 5, 24, 23, 45, 46, 44, 38, 43, 48, 26, 49, 39, 55, 10, 50, 47, 53, 25, 34, 40, 42, 11, 33, 28, 29, 30, 20, 19, 17, 16, 18, 27, 54, 41, 52, 51, 22, 21, 14, 15, 13, 12, 7, 8, 6, 9, 32, 31, 57, 35, 36, 0]
454;365;[0, 37, 58, 56, 4, 3, 1, 2, 5, 24, 23, 26, 49, 39, 55, 10, 50, 47, 53, 25, 34, 40, 42, 11, 33, 48, 43, 38, 45, 46, 44, 30, 29, 28, 20, 19, 17, 16, 18, 27, 54, 41, 52, 51, 22, 21, 14, 15, 13, 12, 7, 8, 6, 9, 31, 32, 57, 35, 36, 0]
455;360;[0, 37, 58, 56, 4, 2, 1, 3, 5, 24, 23, 45, 46, 44, 30, 29, 28, 48, 43, 38, 26, 49, 39, 55, 10, 50, 47, 53, 25, 34, 40, 42, 11, 33, 20, 19, 17, 16, 18, 27, 54, 41, 52, 51, 22, 21, 14, 15, 13, 12, 7, 8, 6, 9, 32, 31, 57, 35, 36, 0]
456;367;[0, 37, 31, 32, 9, 6, 8, 7, 12, 13, 15, 14, 21, 22, 51, 52, 41, 54, 27, 18, 20, 19, 17, 16, 23, 24, 38, 43, 48, 26, 49, 39, 55, 10, 50, 47, 53, 25, 34, 40, 42, 11, 33, 28, 29, 30, 44, 46, 45, 5, 3, 1, 2, 4, 58, 56, 57, 35, 36, 0]
457;367;[0, 37, 31, 32, 9, 6, 8, 7, 12, 13, 15, 14, 21, 22, 51, 52, 41, 54, 27, 18, 20, 19, 17, 16, 24, 23, 38, 43, 48, 26, 49, 39, 55, 10, 50, 47, 53, 25, 34, 40, 42, 11, 33, 28, 29, 30, 44, 46, 45, 1, 3, 2, 5, 4, 58, 56, 57, 35, 36, 0]
458;360;[0, 37, 58, 56, 4, 3, 1, 2, 5, 24, 23, 45, 46, 44, 30, 29, 28, 48, 43, 38, 26, 49, 39, 55, 10, 50, 47, 53, 25, 34, 40, 42, 11, 33, 20, 19, 17, 16, 18, 27, 54, 41, 52, 51, 22, 21, 14, 15, 13, 12, 7, 8, 6, 9, 32, 31, 57, 35, 36, 0]
459;367;[0, 37, 58, 56, 4, 2, 1, 3, 5, 24, 23, 38, 43, 26, 49, 39, 55, 10, 50, 47, 53, 25, 34, 40, 42, 11, 33, 48, 45, 46, 44, 30, 29, 28, 16, 17, 20, 19, 18, 27, 54, 41, 52, 51, 22, 21, 14, 15, 13, 12, 7, 8, 6, 9, 32, 31, 57, 35, 36, 0]
460;365;[0, 37, 58, 56, 4, 2, 1, 3, 5, 24, 23, 26, 49, 39, 55, 10, 50, 47, 53, 25, 34, 40, 42, 11, 33, 48, 43, 38, 45, 46, 44, 30, 29, 28, 20, 19, 17, 16, 18, 27, 54, 41, 52, 51, 22, 21, 14, 15, 13, 12, 7, 8, 6, 9, 32, 31, 57, 35, 36, 0]
461;366;[0, 37, 31, 32, 9, 6, 8, 7, 12, 13, 15, 14, 21, 22, 51, 52, 41, 54, 27, 18, 16, 17, 19, 20, 33, 53, 11, 42, 40, 34, 25, 47, 50, 10, 55, 39, 49, 26, 38, 43, 48, 28, 29, 30, 44, 46, 45, 23, 24, 5, 3, 1, 2, 4, 58, 56, 57, 35, 36, 0]
462;367;[0, 37, 58, 56, 4, 5, 3, 2, 1, 38, 43, 48, 26, 49, 39, 55, 10, 50, 47, 53, 25, 34, 40, 42, 11, 33, 20, 19, 17, 16, 18, 28, 29, 30, 44, 46, 45, 23, 24, 51, 52, 41, 54, 27, 22, 21, 14, 15, 13, 12, 7, 8, 6, 9, 32, 31, 57, 35, 36, 0]
463;365;[0, 5, 24, 23, 45, 46, 44, 30, 29, 28, 48, 43, 38, 26, 49, 39, 55, 10, 50, 47, 25, 34, 40, 42, 11, 53, 33, 20, 19, 17, 16, 18, 27, 54, 41, 52, 51, 22, 21, 14, 15, 13, 12, 7, 8, 6, 9, 32, 31, 37, 35, 36, 57, 58, 56, 4, 2, 1, 3, 0]
464;364;[0, 19, 20, 33, 11, 42, 40, 34, 25, 53, 47, 50, 10, 55, 39, 49, 26, 38, 43, 48, 28, 29, 30, 44, 46, 45, 23, 24, 5, 2, 1, 3, 4, 56, 58, 36, 35, 37, 57, 31, 32, 9, 6, 8, 7, 12, 13, 15, 14, 21, 22, 51, 52, 41, 54, 27, 18, 16, 17, 0]
465;360;[0, 37, 58, 56, 4, 3, 1, 2, 5, 24, 23, 45, 46, 44, 30, 29, 28, 43, 38, 48, 26, 49, 39, 55, 10, 50, 47, 53, 25, 34, 40, 42, 11, 33, 20, 19, 17, 16, 18, 27, 54, 41, 52, 51, 22, 21, 14, 15, 13, 12, 7, 8, 6, 9, 31, 32, 57, 35, 36, 0]
466;360;[0, 37, 58, 56, 4, 2, 1, 3, 5, 24, 23, 45, 46, 44, 30, 29, 28, 48, 43, 38, 26, 49, 39, 55, 10, 50, 47, 53, 25, 34, 40, 42, 11, 33, 20, 19, 17, 16, 18, 27, 54, 41, 52, 51, 22, 21, 14, 15, 13, 12, 7, 8, 6, 9, 32, 31, 57, 35, 36, 0]
467;360;[0, 37, 58, 56, 4, 2, 1, 3, 5, 24, 23, 45, 46, 44, 30, 29, 28, 48, 43, 38, 26, 49, 39, 55, 10, 50, 47, 53, 25, 34, 40, 42, 11, 33, 20, 19, 17, 16, 18, 27, 54, 41, 52, 51, 22, 21, 14, 15, 13, 12, 7, 8, 6, 9, 32, 31, 57, 35, 36, 0]
468;368;[0, 37, 58, 56, 4, 3, 1, 2, 5, 24, 23, 45, 46, 44, 30, 29, 28, 48, 43, 38, 26, 49, 39, 55, 10, 50, 47, 33, 53, 25, 11, 42, 40, 34, 20, 19, 17, 16, 18, 27, 54, 41, 52, 51, 22, 21, 14, 15, 13, 12, 7, 8, 6, 9, 32, 31, 57, 35, 36, 0]
469;363;[0, 37, 31, 32, 9, 6, 8, 7, 12, 13, 15, 14, 21, 22, 51, 52, 41, 54, 27, 18, 16, 17, 19, 20, 33, 11, 42, 40, 34, 25, 53, 47, 50, 10, 55, 39, 49, 26, 48, 43, 38, 28, 29, 30, 44, 46, 45, 24, 23, 5, 2, 1, 3, 4, 58, 56, 57, 35, 36, 0]
470;366;[0, 37, 58, 56, 4, 5, 3, 2, 1, 23, 24, 26, 49, 39, 55, 10, 50, 47, 53, 25, 34, 40, 42, 11, 33, 48, 43, 38, 45, 46, 44, 30, 29, 28, 20, 19, 17, 16, 18, 27, 54, 41, 52, 51, 22, 21, 14, 15, 13, 12, 7, 8, 6, 9, 32, 31, 57, 35, 36, 0]
471;381;[0, 37, 18, 16, 17, 19, 20, 30, 29, 28, 33, 11, 42, 40, 34, 25, 53, 47, 50, 10, 55, 39, 49, 26, 48, 43, 38, 44, 46, 45, 24, 23, 5, 3, 1, 2, 4, 56, 58, 32, 9, 6, 8, 7, 12, 13, 15, 21, 22, 51, 52, 41, 54, 27, 14, 31, 57, 35, 36, 0]
472;366;[0, 37, 58, 56, 4, 5, 3, 2, 1, 23, 24, 38, 45, 46, 44, 30, 29, 28, 48, 43, 26, 49, 39, 55, 10, 50, 47, 53, 25, 34, 40, 42, 11, 33, 20, 19, 17, 16, 18, 27, 54, 41, 52, 51, 22, 21, 14, 15, 13, 12, 7, 8, 6, 9, 32, 31, 57, 35, 36, 0]
473;360;[0, 37, 58, 56, 4, 2, 1, 3, 5, 24, 23, 45, 46, 44, 30, 29, 28, 48, 43, 38, 26, 49, 39, 55, 10, 50, 47, 53, 25, 34, 40, 42, 11, 33, 20, 19, 17, 16, 18, 27, 54, 41, 52, 51, 22, 21, 14, 15, 13, 12, 7, 8, 6, 9, 32, 31, 57, 35, 36, 0]
474;360;[0, 37, 58, 56, 4, 2, 1, 3, 5, 24, 23, 45, 46, 44, 30, 29, 28, 48, 43, 38, 26, 49, 39, 55, 10, 50, 47, 53, 25, 34, 40, 42, 11, 33, 20, 19, 17, 16, 18, 27, 54, 41, 52, 51, 22, 21, 14, 15, 13, 12, 7, 8, 6, 9, 32, 31, 57, 35, 36, 0]
475;360;[0, 37, 58, 56, 4, 2, 1, 3, 5, 24, 23, 45, 46, 44, 30, 29, 28, 38, 43, 48, 26, 49, 39, 55, 10, 50, 47, 53, 25, 34, 40, 42, 11, 33, 20, 19, 17, 16, 18, 27, 54, 41, 52, 51, 22, 21, 14, 15, 13, 12, 7, 8, 6, 9, 32, 31, 57, 35, 36, 0]
476;361;[0, 44, 30, 29, 28, 48, 43, 38, 26, 49, 39, 55, 10, 50, 47, 53, 25, 34, 40, 42, 11, 33, 20, 19, 17, 16, 18, 27, 54, 41, 52, 51, 22, 21, 14, 15, 13, 12, 7, 8, 6, 9, 32, 31, 57, 37, 35, 36, 56, 58, 4, 2, 1, 3, 5, 24, 23, 45, 46, 0]
477;365;[0, 37, 35, 36, 57, 31, 32, 9, 6, 8, 7, 12, 13, 15, 14, 21, 22, 51, 52, 41, 54, 27, 18, 20, 19, 17, 16, 45, 46, 44, 30, 29, 28, 33, 11, 42, 40, 34, 25, 53, 47, 50, 10, 55, 39, 49, 26, 48, 43, 38, 24, 23, 5, 3, 1, 2, 4, 56, 58, 0]
478;361;[0, 37, 58, 56, 4, 5, 3, 2, 1, 24, 23, 45, 46, 44, 30, 29, 28, 48, 38, 43, 26, 49, 39, 55, 10, 50, 47, 53, 25, 34, 40, 42, 11, 33, 20, 19, 17, 16, 18, 27, 54, 41, 52, 51, 22, 21, 14, 15, 13, 12, 7, 8, 6, 9, 32, 31, 57, 35, 36, 0]
479;363;[0, 37, 31, 32, 9, 6, 8, 7, 12, 13, 15, 14, 21, 22, 51, 52, 41, 54, 27, 18, 16, 17, 19, 20, 33, 11, 42, 40, 34, 25, 53, 47, 50, 10, 55, 39, 49, 26, 38, 43, 48, 28, 29, 30, 44, 46, 45, 24, 23, 5, 3, 1, 2, 4, 56, 58, 57, 35, 36, 0]
480;366;[0, 37, 31, 32, 9, 6, 8, 7, 12, 13, 15, 14, 21, 22, 51, 52, 41, 54, 27, 18, 20, 19, 17, 16, 24, 23, 45, 46, 44, 30, 29, 28, 33, 11, 42, 40, 34, 25, 53, 47, 50, 10, 55, 39, 49, 26, 48, 43, 38, 1, 2, 3, 5, 4, 56, 58, 57, 35, 36, 0]
481;364;[0, 37, 31, 32, 9, 6, 8, 7, 12, 13, 15, 14, 21, 22, 51, 52, 41, 54, 27, 18, 20, 19, 17, 16, 45, 46, 44, 30, 29, 28, 33, 11, 42, 40, 34, 25, 53, 47, 50, 10, 55, 39, 49, 26, 48, 43, 38, 24, 23, 5, 3, 1, 2, 4, 58, 56, 57, 35, 36, 0]
482;364;[0, 52, 41, 54, 27, 18, 16, 17, 19, 20, 33, 11, 42, 40, 34, 25, 53, 47, 50, 10, 55, 39, 49, 26, 38, 43, 48, 28, 29, 30, 44, 46, 45, 23, 24, 5, 3, 1, 2, 4, 56, 58, 37, 35, 36, 57, 31, 32, 9, 6, 8, 7, 12, 13, 15, 14, 21, 22, 51, 0]
483;363;[0, 37, 31, 32, 9, 6, 8, 7, 12, 13, 15, 14, 21, 22, 51, 52, 41, 54, 27, 18, 16, 17, 19, 20, 33, 11, 42, 40, 34, 25, 53, 47, 50, 10, 55, 39, 49, 26, 48, 43, 38, 28, 29, 30, 44, 46, 45, 23, 24, 5, 3, 1, 2, 4, 58, 56, 57, 35, 36, 0]
484;363;[0, 37, 31, 32, 9, 6, 8, 7, 12, 13, 15, 14, 21, 22, 51, 52, 41, 54, 27, 18, 16, 17, 19, 20, 33, 11, 42, 40, 34, 25, 53, 47, 50, 10, 55, 39, 49, 26, 38, 43, 48, 28, 29, 30, 44, 46, 45, 23, 24, 5, 3, 1, 2, 4, 58, 56, 57, 35, 36, 0]
485;368;[0, 28, 29, 30, 44, 46, 45, 23, 24, 51, 52, 41, 54, 27, 22, 21, 14, 15, 13, 12, 7, 8, 6, 9, 32, 31, 57, 37, 35, 36, 58, 56, 4, 5, 3, 2, 1, 38, 43, 48, 26, 49, 39, 55, 10, 50, 47, 53, 25, 34, 40, 42, 11, 33, 20, 19, 17, 16, 18, 0]
486;381;[0, 37, 16, 17, 18, 19, 20, 33, 11, 42, 40, 34, 25, 53, 47, 50, 10, 55, 39, 49, 26, 38, 43, 48, 28, 29, 30, 44, 46, 45, 23, 24, 5, 3, 1, 2, 4, 56, 58, 32, 9, 6, 8, 15, 14, 21, 22, 51, 52, 41, 54, 27, 13, 12, 7, 31, 57, 35, 36, 0]
487;367;[0, 37, 58, 56, 4, 5, 3, 2, 1, 38, 43, 48, 26, 49, 39, 55, 10, 50, 47, 53, 25, 34, 40, 42, 11, 33, 20, 19, 17, 16, 18, 28, 29, 30, 44, 46, 45, 23, 24, 51, 52, 41, 54, 27, 22, 21, 14, 15, 13, 12, 7, 8, 6, 9, 32, 31, 57, 35, 36, 0]
488;364;[0, 37, 31, 32, 9, 6, 8, 7, 12, 13, 15, 14, 21, 22, 51, 52, 41, 54, 27, 18, 16, 17, 19, 20, 44, 46, 45, 30, 29, 28, 33, 11, 42, 40, 34, 25, 53, 47, 50, 10, 55, 39, 49, 26, 48, 43, 38, 24, 23, 5, 2, 1, 3, 4, 58, 56, 57, 35, 36, 0]
489;370;[0, 37, 58, 56, 57, 31, 32, 9, 6, 8, 7, 13, 12, 15, 14, 21, 22, 51, 52, 41, 54, 27, 18, 19, 20, 17, 16, 1, 2, 4, 3, 5, 24, 23, 45, 46, 44, 30, 29, 28, 33, 11, 42, 40, 34, 25, 53, 47, 50, 10, 55, 39, 49, 26, 48, 43, 38, 36, 35, 0]
490;361;[0, 37, 31, 32, 9, 6, 8, 7, 12, 13, 15, 14, 21, 22, 51, 52, 41, 54, 27, 18, 16, 17, 19, 20, 30, 29, 28, 33, 11, 42, 40, 34, 25, 53, 47, 50, 10, 55, 39, 49, 26, 48, 43, 38, 44, 46, 45, 23, 24, 5, 3, 1, 2, 4, 58, 56, 57, 35, 36, 0]
491;361;[0, 37, 58, 56, 4, 5, 3, 2, 1, 45, 46, 44, 30, 29, 28, 33, 11, 42, 40, 34, 25, 53, 47, 50, 10, 55, 39, 49, 26, 48, 43, 38, 24, 23, 16, 17, 19, 20, 18, 27, 54, 41, 52, 51, 22, 21, 14, 15, 13, 12, 7, 8, 6, 9, 32, 31, 57, 35, 36, 0]
492;364;[0, 37, 58, 56, 4, 2, 1, 3, 5, 24, 23, 25, 53, 34, 40, 42, 11, 33, 47, 50, 10, 55, 39, 49, 26, 48, 43, 38, 45, 46, 44, 30, 29, 28, 20, 19, 17, 16, 18, 27, 54, 41, 52, 51, 22, 21, 14, 15, 13, 12, 7, 8, 6, 9, 32, 31, 57, 35, 36, 0]
493;360;[0, 37, 58, 56, 4, 2, 1, 3, 5, 24, 23, 45, 46, 44, 30, 29, 28, 38, 43, 48, 26, 49, 39, 55, 10, 50, 47, 53, 25, 34, 40, 42, 11, 33, 20, 19, 17, 16, 18, 27, 54, 41, 52, 51, 22, 21, 14, 15, 13, 12, 7, 8, 6, 9, 32, 31, 57, 35, 36, 0]
494;367;[0, 37, 58, 56, 4, 2, 1, 3, 5, 38, 43, 48, 26, 49, 39, 55, 10, 50, 47, 53, 25, 34, 40, 42, 11, 33, 20, 19, 17, 16, 18, 28, 29, 30, 44, 46, 45, 23, 24, 51, 52, 41, 54, 27, 22, 21, 14, 15, 13, 12, 7, 8, 6, 9, 32, 31, 57, 35, 36, 0]
495;371;[0, 37, 58, 56, 4, 2, 1, 3, 5, 24, 23, 38, 43, 48, 26, 49, 39, 55, 10, 50, 47, 33, 53, 25, 11, 42, 40, 34, 28, 29, 30, 44, 45, 46, 20, 19, 17, 16, 18, 27, 54, 41, 52, 51, 22, 21, 14, 15, 13, 12, 7, 8, 6, 9, 32, 31, 57, 35, 36, 0]
496;366;[0, 37, 58, 56, 4, 2, 1, 3, 5, 24, 23, 45, 46, 44, 38, 43, 26, 49, 39, 55, 10, 50, 47, 53, 25, 34, 40, 42, 11, 33, 48, 28, 29, 30, 20, 19, 17, 16, 18, 27, 54, 41, 52, 51, 22, 21, 14, 15, 13, 12, 7, 8, 6, 9, 32, 31, 57, 35, 36, 0]
497;382;[0, 37, 31, 32, 9, 6, 8, 7, 12, 13, 15, 14, 21, 22, 51, 52, 41, 54, 27, 18, 20, 19, 17, 16, 24, 23, 45, 46, 44, 30, 29, 28, 48, 43, 38, 26, 49, 39, 55, 10, 50, 47, 33, 11, 42, 40, 34, 53, 25, 1, 3, 5, 2, 4, 56, 58, 57, 35, 36, 0]
498;360;[0, 37, 58, 56, 4, 2, 1, 3, 5, 24, 23, 45, 46, 44, 30, 29, 28, 48, 43, 38, 26, 49, 39, 55, 10, 50, 47, 53, 25, 34, 40, 42, 11, 33, 20, 19, 17, 16, 18, 27, 54, 41, 52, 51, 22, 21, 14, 15, 13, 12, 7, 8, 6, 9, 32, 31, 57, 35, 36, 0]
499;360;[0, 37, 58, 56, 4, 3, 1, 2, 5, 24, 23, 45, 46, 44, 30, 29, 28, 48, 43, 38, 26, 49, 39, 55, 10, 50, 47, 53, 25, 34, 40, 42, 11, 33, 20, 19, 17, 16, 18, 27, 54, 41, 52, 51, 22, 21, 14, 15, 13, 12, 7, 8, 6, 9, 31, 32, 57, 35, 36, 0]
