0;370;[0, 18, 27, 54, 41, 52, 51, 22, 21, 14, 15, 13, 12, 7, 8, 6, 9, 32, 31, 37, 35, 36, 57, 58, 56, 4, 2, 1, 3, 5, 24, 23, 45, 46, 44, 30, 29, 43, 38, 48, 26, 49, 39, 55, 10, 50, 47, 25, 34, 40, 42, 11, 53, 33, 28, 20, 19, 17, 16, 0]
1;361;[0, 18, 27, 54, 41, 52, 51, 22, 21, 14, 15, 13, 12, 7, 8, 6, 9, 32, 31, 37, 36, 35, 57, 58, 56, 4, 2, 1, 3, 5, 24, 23, 45, 46, 44, 38, 43, 48, 26, 49, 39, 55, 10, 50, 47, 53, 25, 34, 40, 42, 11, 33, 28, 29, 30, 20, 19, 17, 16, 0]
2;368;[0, 18, 28, 29, 30, 44, 46, 45, 23, 24, 51, 52, 41, 54, 27, 22, 21, 14, 15, 13, 12, 7, 8, 6, 9, 32, 31, 37, 36, 35, 57, 58, 56, 4, 2, 5, 3, 1, 38, 43, 48, 26, 49, 39, 55, 10, 50, 47, 53, 25, 34, 40, 42, 11, 33, 20, 19, 17, 16, 0]
3;360;[0, 18, 27, 54, 41, 52, 51, 22, 21, 14, 15, 13, 12, 7, 8, 6, 9, 32, 31, 57, 35, 36, 37, 58, 56, 4, 3, 1, 2, 5, 24, 23, 45, 46, 44, 38, 43, 48, 26, 49, 39, 55, 10, 50, 47, 53, 25, 34, 40, 42, 11, 33, 28, 29, 30, 20, 19, 17, 16, 0]
4;360;[0, 18, 27, 54, 41, 52, 51, 22, 21, 14, 15, 13, 12, 7, 8, 6, 9, 32, 31, 57, 35, 36, 37, 58, 56, 4, 3, 1, 2, 5, 24, 23, 45, 46, 44, 38, 43, 48, 26, 49, 39, 55, 10, 50, 47, 53, 25, 34, 40, 42, 11, 33, 28, 29, 30, 20, 19, 17, 16, 0]
5;361;[0, 18, 27, 54, 41, 52, 51, 22, 21, 14, 15, 13, 12, 7, 8, 6, 9, 32, 31, 37, 36, 35, 57, 56, 58, 4, 3, 1, 2, 5, 24, 23, 45, 46, 44, 38, 43, 48, 26, 49, 39, 55, 10, 50, 47, 53, 25, 34, 40, 42, 11, 33, 28, 29, 30, 20, 19, 17, 16, 0]
6;361;[0, 18, 27, 54, 41, 52, 51, 22, 21, 14, 15, 13, 12, 7, 8, 6, 9, 32, 31, 57, 35, 36, 37, 58, 56, 4, 5, 2, 3, 1, 23, 24, 45, 46, 44, 38, 43, 48, 26, 49, 39, 55, 10, 50, 47, 53, 25, 34, 40, 42, 11, 33, 28, 29, 30, 20, 19, 17, 16, 0]
7;360;[0, 18, 27, 54, 41, 52, 51, 22, 21, 14, 15, 13, 12, 7, 8, 6, 9, 32, 31, 57, 35, 36, 37, 58, 56, 4, 3, 1, 2, 5, 24, 23, 45, 46, 44, 38, 43, 48, 26, 49, 39, 55, 10, 50, 47, 53, 25, 34, 40, 42, 11, 33, 28, 29, 30, 20, 19, 17, 16, 0]
8;360;[0, 18, 27, 54, 41, 52, 51, 22, 21, 14, 15, 13, 12, 7, 8, 6, 9, 32, 31, 57, 35, 36, 37, 58, 56, 4, 3, 1, 2, 5, 24, 23, 45, 46, 44, 38, 43, 48, 26, 49, 39, 55, 10, 50, 47, 53, 25, 34, 40, 42, 11, 33, 28, 29, 30, 20, 19, 17, 16, 0]
9;362;[0, 18, 27, 54, 41, 52, 51, 22, 21, 14, 15, 13, 12, 7, 8, 6, 9, 31, 32, 37, 35, 36, 57, 56, 58, 4, 3, 1, 2, 5, 24, 23, 44, 46, 45, 38, 43, 48, 26, 49, 39, 55, 10, 50, 47, 53, 25, 34, 40, 42, 11, 33, 28, 29, 30, 20, 19, 17, 16, 0]
10;361;[0, 18, 27, 54, 41, 52, 51, 22, 21, 14, 15, 13, 12, 7, 8, 6, 9, 31, 32, 57, 37, 35, 36, 58, 56, 4, 3, 1, 2, 5, 24, 23, 45, 46, 44, 38, 43, 48, 26, 49, 39, 55, 10, 50, 47, 53, 25, 34, 40, 42, 11, 33, 28, 29, 30, 20, 19, 17, 16, 0]
11;361;[0, 18, 27, 54, 41, 52, 51, 22, 21, 14, 15, 13, 12, 7, 8, 6, 9, 32, 31, 37, 36, 35, 57, 58, 56, 4, 3, 1, 2, 5, 24, 23, 45, 46, 44, 38, 43, 48, 26, 49, 39, 55, 10, 50, 47, 53, 25, 34, 40, 42, 11, 33, 28, 29, 30, 20, 19, 17, 16, 0]
12;386;[0, 18, 17, 16, 37, 35, 36, 57, 31, 32, 9, 6, 8, 13, 12, 15, 27, 54, 41, 52, 51, 22, 21, 14, 7, 58, 56, 4, 3, 5, 2, 1, 23, 24, 45, 46, 44, 30, 29, 28, 38, 43, 48, 26, 49, 39, 55, 10, 50, 47, 25, 34, 40, 42, 11, 53, 33, 20, 19, 0]
13;360;[0, 18, 27, 54, 41, 52, 51, 22, 21, 14, 15, 13, 12, 7, 8, 6, 9, 32, 31, 57, 35, 36, 37, 58, 56, 4, 3, 1, 2, 5, 24, 23, 45, 46, 44, 38, 43, 48, 26, 49, 39, 55, 10, 50, 47, 53, 25, 34, 40, 42, 11, 33, 28, 29, 30, 20, 19, 17, 16, 0]
14;362;[0, 18, 27, 54, 41, 52, 51, 22, 21, 14, 15, 13, 12, 7, 8, 6, 9, 32, 31, 57, 35, 36, 37, 58, 56, 4, 5, 2, 3, 1, 23, 24, 44, 46, 45, 38, 43, 48, 26, 49, 39, 55, 10, 50, 47, 53, 25, 34, 40, 42, 11, 33, 28, 29, 30, 20, 19, 17, 16, 0]
15;362;[0, 18, 27, 54, 41, 52, 51, 22, 21, 14, 15, 13, 12, 7, 8, 6, 9, 32, 31, 57, 35, 36, 37, 58, 56, 4, 5, 2, 3, 1, 23, 24, 44, 46, 45, 38, 43, 48, 26, 49, 39, 55, 10, 50, 47, 53, 25, 34, 40, 42, 11, 33, 28, 29, 30, 20, 19, 17, 16, 0]
16;367;[0, 18, 28, 29, 30, 44, 46, 45, 23, 24, 51, 52, 41, 54, 27, 22, 21, 14, 15, 13, 12, 7, 8, 6, 9, 32, 31, 57, 35, 36, 37, 58, 56, 4, 5, 3, 2, 1, 38, 43, 48, 26, 49, 39, 55, 10, 50, 47, 53, 25, 34, 40, 42, 11, 33, 20, 19, 17, 16, 0]
17;361;[0, 18, 27, 54, 41, 52, 51, 22, 21, 14, 15, 13, 12, 7, 8, 6, 9, 32, 31, 36, 35, 37, 57, 58, 56, 4, 3, 1, 2, 5, 24, 23, 45, 46, 44, 30, 29, 28, 38, 43, 48, 26, 49, 39, 55, 10, 50, 47, 53, 25, 34, 40, 42, 11, 33, 20, 19, 17, 16, 0]
18;360;[0, 18, 27, 54, 41, 52, 51, 22, 21, 14, 15, 13, 12, 7, 8, 6, 9, 32, 31, 57, 35, 36, 37, 58, 56, 4, 3, 1, 2, 5, 24, 23, 45, 46, 44, 30, 29, 28, 38, 43, 48, 26, 49, 39, 55, 10, 50, 47, 53, 25, 34, 40, 42, 11, 33, 20, 19, 17, 16, 0]
19;360;[0, 18, 27, 54, 41, 52, 51, 22, 21, 14, 15, 13, 12, 7, 8, 6, 9, 32, 31, 57, 35, 36, 37, 58, 56, 4, 3, 1, 2, 5, 24, 23, 45, 46, 44, 38, 43, 48, 26, 49, 39, 55, 10, 50, 47, 53, 25, 34, 40, 42, 11, 33, 28, 29, 30, 20, 19, 17, 16, 0]
20;360;[0, 18, 27, 54, 41, 52, 51, 22, 21, 14, 15, 13, 12, 7, 8, 6, 9, 32, 31, 57, 35, 36, 37, 58, 56, 4, 3, 1, 2, 5, 24, 23, 45, 46, 44, 38, 43, 48, 26, 49, 39, 55, 10, 50, 47, 53, 25, 34, 40, 42, 11, 33, 28, 29, 30, 20, 19, 17, 16, 0]
21;360;[0, 18, 27, 54, 41, 52, 51, 22, 21, 14, 15, 13, 12, 7, 8, 6, 9, 32, 31, 57, 35, 36, 37, 58, 56, 4, 3, 1, 2, 5, 24, 23, 45, 46, 44, 38, 43, 48, 26, 49, 39, 55, 10, 50, 47, 53, 25, 34, 40, 42, 11, 33, 28, 29, 30, 20, 19, 17, 16, 0]
22;361;[0, 18, 27, 54, 41, 52, 51, 22, 21, 14, 15, 13, 12, 7, 8, 6, 9, 32, 31, 57, 35, 36, 37, 58, 56, 4, 3, 1, 2, 5, 24, 23, 45, 46, 44, 38, 43, 48, 26, 49, 39, 55, 10, 50, 47, 53, 25, 34, 40, 42, 11, 33, 28, 29, 30, 16, 17, 20, 19, 0]
23;369;[0, 4, 56, 58, 37, 36, 35, 57, 31, 32, 9, 6, 8, 7, 12, 13, 15, 14, 21, 22, 51, 52, 41, 54, 27, 18, 16, 17, 19, 20, 33, 11, 42, 40, 34, 25, 53, 47, 50, 10, 55, 39, 49, 26, 48, 43, 28, 29, 30, 44, 46, 45, 38, 24, 23, 5, 2, 1, 3, 0]
24;369;[0, 1, 3, 4, 56, 58, 37, 36, 35, 57, 31, 32, 9, 6, 8, 7, 12, 13, 15, 14, 21, 22, 51, 52, 41, 54, 27, 18, 16, 17, 19, 20, 33, 11, 42, 40, 34, 25, 53, 47, 50, 10, 55, 39, 49, 26, 48, 43, 28, 29, 30, 44, 46, 45, 38, 24, 23, 5, 2, 0]
25;362;[0, 18, 27, 54, 41, 52, 51, 22, 21, 14, 15, 13, 12, 7, 8, 6, 9, 32, 31, 57, 35, 36, 37, 58, 56, 4, 5, 2, 3, 1, 23, 24, 44, 46, 45, 38, 43, 48, 26, 49, 39, 55, 10, 50, 47, 53, 25, 34, 40, 42, 11, 33, 28, 29, 30, 20, 19, 17, 16, 0]
26;360;[0, 18, 27, 54, 41, 52, 51, 22, 21, 14, 15, 13, 12, 7, 8, 6, 9, 32, 31, 57, 35, 36, 37, 58, 56, 4, 3, 1, 2, 5, 24, 23, 45, 46, 44, 38, 43, 48, 26, 49, 39, 55, 10, 50, 47, 53, 25, 34, 40, 42, 11, 33, 28, 29, 30, 20, 19, 17, 16, 0]
27;365;[0, 18, 54, 41, 27, 51, 52, 22, 21, 14, 15, 13, 12, 7, 8, 6, 9, 32, 31, 57, 35, 36, 37, 58, 56, 4, 3, 5, 2, 1, 23, 24, 45, 46, 44, 38, 43, 48, 26, 49, 39, 55, 10, 50, 47, 53, 25, 34, 40, 42, 11, 33, 28, 29, 30, 20, 19, 17, 16, 0]
28;364;[0, 41, 54, 27, 18, 16, 17, 19, 20, 33, 11, 42, 40, 34, 25, 53, 47, 50, 10, 55, 39, 49, 26, 43, 38, 48, 28, 29, 30, 44, 46, 45, 23, 24, 5, 2, 1, 3, 4, 56, 58, 37, 36, 35, 57, 31, 32, 9, 6, 8, 7, 12, 13, 15, 14, 21, 22, 51, 52, 0]
29;360;[0, 18, 27, 54, 41, 52, 51, 22, 21, 14, 15, 13, 12, 7, 8, 6, 9, 32, 31, 57, 35, 36, 37, 58, 56, 4, 3, 1, 2, 5, 24, 23, 45, 46, 44, 30, 29, 28, 38, 43, 48, 26, 49, 39, 55, 10, 50, 47, 53, 25, 34, 40, 42, 11, 33, 20, 19, 17, 16, 0]
30;364;[0, 18, 27, 54, 41, 52, 51, 22, 21, 14, 15, 13, 12, 7, 8, 6, 9, 32, 31, 57, 35, 36, 37, 58, 56, 4, 3, 1, 2, 5, 24, 23, 38, 43, 48, 26, 49, 39, 55, 10, 50, 47, 53, 25, 34, 40, 42, 11, 33, 28, 29, 44, 45, 46, 30, 20, 19, 17, 16, 0]
31;372;[0, 18, 27, 54, 41, 52, 51, 22, 21, 14, 15, 13, 12, 7, 8, 6, 9, 32, 31, 57, 37, 35, 36, 56, 58, 4, 3, 1, 2, 5, 24, 23, 45, 46, 44, 38, 43, 48, 26, 49, 55, 10, 50, 47, 53, 25, 34, 40, 42, 11, 33, 39, 28, 29, 30, 16, 17, 20, 19, 0]
32;366;[0, 18, 27, 54, 41, 52, 51, 22, 21, 14, 15, 13, 12, 7, 8, 6, 9, 32, 31, 57, 37, 35, 36, 58, 56, 4, 5, 2, 3, 1, 24, 23, 25, 53, 34, 40, 42, 11, 33, 47, 50, 10, 55, 39, 49, 26, 48, 43, 38, 45, 46, 44, 30, 29, 28, 20, 19, 17, 16, 0]
33;362;[0, 18, 27, 54, 41, 52, 51, 22, 21, 14, 15, 13, 12, 7, 8, 6, 9, 32, 31, 57, 35, 36, 37, 58, 56, 4, 3, 5, 2, 1, 23, 24, 44, 46, 45, 38, 43, 48, 26, 49, 39, 55, 10, 50, 47, 53, 25, 34, 40, 42, 11, 33, 28, 29, 30, 20, 19, 17, 16, 0]
34;361;[0, 18, 27, 54, 41, 52, 51, 22, 21, 14, 15, 13, 12, 7, 8, 6, 9, 32, 31, 57, 35, 36, 37, 58, 56, 4, 3, 1, 2, 5, 24, 23, 45, 44, 46, 38, 43, 48, 26, 49, 39, 55, 10, 50, 47, 53, 25, 34, 40, 42, 11, 33, 28, 29, 30, 20, 19, 17, 16, 0]
35;360;[0, 18, 27, 54, 41, 52, 51, 22, 21, 14, 15, 13, 12, 7, 8, 6, 9, 32, 31, 57, 35, 36, 37, 58, 56, 4, 3, 1, 2, 5, 24, 23, 45, 46, 44, 38, 43, 48, 26, 49, 39, 55, 10, 50, 47, 53, 25, 34, 40, 42, 11, 33, 28, 29, 30, 20, 19, 17, 16, 0]
36;360;[0, 18, 27, 54, 41, 52, 51, 22, 21, 14, 15, 13, 12, 7, 8, 6, 9, 32, 31, 57, 35, 36, 37, 58, 56, 4, 3, 1, 2, 5, 24, 23, 45, 46, 44, 38, 43, 48, 26, 49, 39, 55, 10, 50, 47, 53, 25, 34, 40, 42, 11, 33, 28, 29, 30, 20, 19, 17, 16, 0]
37;362;[0, 18, 27, 54, 41, 52, 51, 22, 21, 14, 15, 13, 12, 7, 8, 6, 9, 32, 31, 57, 35, 36, 37, 58, 56, 4, 5, 2, 3, 1, 23, 24, 44, 46, 45, 38, 43, 48, 26, 49, 39, 55, 10, 50, 47, 53, 25, 34, 40, 42, 11, 33, 28, 29, 30, 20, 19, 17, 16, 0]
38;366;[0, 44, 30, 29, 28, 18, 16, 17, 19, 20, 33, 11, 42, 40, 34, 25, 53, 47, 50, 10, 55, 39, 49, 26, 48, 43, 38, 23, 24, 51, 52, 41, 54, 27, 22, 21, 14, 15, 13, 12, 7, 8, 6, 9, 32, 31, 57, 35, 36, 37, 58, 56, 4, 2, 5, 3, 1, 45, 46, 0]
39;364;[0, 18, 27, 54, 41, 52, 51, 22, 21, 14, 15, 13, 12, 7, 8, 6, 9, 32, 31, 57, 35, 36, 37, 58, 56, 4, 3, 1, 2, 5, 24, 23, 45, 46, 44, 38, 43, 48, 26, 49, 39, 55, 10, 50, 47, 25, 34, 40, 42, 11, 53, 33, 28, 29, 30, 20, 19, 17, 16, 0]
40;360;[0, 18, 27, 54, 41, 52, 51, 22, 21, 14, 15, 13, 12, 7, 8, 6, 9, 32, 31, 57, 35, 36, 37, 58, 56, 4, 3, 1, 2, 5, 24, 23, 45, 46, 44, 38, 43, 48, 26, 49, 39, 55, 10, 50, 47, 53, 25, 34, 40, 42, 11, 33, 28, 29, 30, 20, 19, 17, 16, 0]
41;360;[0, 18, 27, 54, 41, 52, 51, 22, 21, 14, 15, 13, 12, 7, 8, 6, 9, 31, 32, 57, 35, 36, 37, 58, 56, 4, 2, 1, 3, 5, 24, 23, 45, 46, 44, 38, 43, 48, 26, 49, 39, 55, 10, 50, 47, 53, 25, 34, 40, 42, 11, 33, 28, 29, 30, 20, 19, 17, 16, 0]
42;362;[0, 18, 27, 54, 41, 52, 51, 22, 21, 14, 15, 13, 12, 7, 8, 6, 9, 32, 31, 37, 36, 35, 57, 58, 56, 4, 3, 1, 2, 5, 24, 23, 44, 46, 45, 38, 43, 48, 26, 49, 39, 55, 10, 50, 47, 53, 25, 34, 40, 42, 11, 33, 28, 29, 30, 20, 19, 17, 16, 0]
43;365;[0, 18, 27, 54, 41, 52, 51, 22, 21, 14, 15, 13, 12, 7, 8, 6, 9, 31, 32, 57, 35, 36, 37, 58, 56, 4, 3, 1, 2, 5, 24, 23, 30, 29, 28, 44, 46, 45, 38, 43, 48, 26, 49, 39, 55, 10, 50, 47, 53, 25, 34, 40, 42, 11, 33, 20, 19, 17, 16, 0]
44;393;[0, 18, 17, 16, 1, 2, 56, 58, 37, 36, 35, 57, 32, 9, 6, 8, 13, 12, 15, 27, 54, 41, 52, 51, 22, 21, 14, 7, 31, 4, 3, 5, 24, 23, 45, 46, 44, 38, 43, 26, 49, 39, 55, 10, 50, 47, 25, 34, 40, 42, 11, 53, 33, 48, 28, 29, 30, 20, 19, 0]
45;362;[0, 18, 27, 54, 41, 52, 51, 22, 21, 14, 15, 13, 12, 7, 8, 6, 9, 32, 31, 57, 35, 36, 37, 58, 56, 4, 5, 2, 3, 1, 23, 24, 45, 44, 46, 38, 43, 48, 26, 49, 39, 55, 10, 50, 47, 53, 25, 34, 40, 42, 11, 33, 28, 29, 30, 20, 19, 17, 16, 0]
46;361;[0, 18, 27, 54, 41, 52, 51, 22, 21, 14, 15, 13, 12, 7, 8, 6, 9, 32, 31, 57, 35, 36, 37, 58, 56, 4, 3, 1, 2, 5, 24, 23, 45, 44, 46, 38, 43, 48, 26, 49, 39, 55, 10, 50, 47, 53, 25, 34, 40, 42, 11, 33, 28, 29, 30, 20, 19, 17, 16, 0]
47;364;[0, 18, 27, 54, 41, 52, 51, 22, 21, 14, 15, 13, 12, 7, 8, 6, 9, 32, 31, 57, 35, 36, 37, 58, 56, 4, 3, 1, 2, 5, 24, 23, 38, 43, 48, 26, 49, 39, 55, 10, 50, 47, 53, 25, 34, 40, 42, 11, 33, 28, 29, 30, 44, 45, 46, 20, 19, 17, 16, 0]
48;364;[0, 18, 27, 54, 41, 52, 51, 22, 21, 14, 15, 13, 12, 7, 8, 6, 9, 32, 31, 57, 35, 36, 37, 58, 56, 4, 3, 1, 2, 5, 24, 23, 25, 53, 34, 40, 42, 11, 33, 47, 50, 10, 55, 39, 49, 26, 48, 43, 38, 45, 46, 44, 30, 29, 28, 20, 19, 17, 16, 0]
49;362;[0, 18, 27, 54, 41, 52, 51, 22, 21, 14, 15, 13, 12, 7, 8, 6, 9, 32, 31, 57, 35, 36, 37, 58, 56, 4, 5, 3, 2, 1, 23, 24, 44, 46, 45, 38, 43, 48, 26, 49, 39, 55, 10, 50, 47, 53, 25, 34, 40, 42, 11, 33, 28, 29, 30, 20, 19, 17, 16, 0]
50;361;[0, 18, 27, 54, 41, 52, 51, 22, 21, 14, 15, 13, 12, 7, 8, 6, 9, 32, 31, 57, 35, 36, 37, 58, 56, 4, 3, 5, 2, 1, 23, 24, 45, 46, 44, 30, 29, 28, 38, 43, 48, 26, 49, 39, 55, 10, 50, 47, 53, 25, 34, 40, 42, 11, 33, 20, 19, 17, 16, 0]
51;396;[0, 18, 17, 16, 37, 36, 35, 57, 31, 32, 9, 6, 8, 15, 27, 54, 41, 52, 51, 22, 21, 14, 13, 12, 7, 58, 56, 4, 3, 1, 2, 5, 24, 23, 45, 46, 44, 38, 43, 48, 26, 49, 39, 55, 10, 50, 47, 33, 11, 53, 25, 34, 42, 40, 28, 29, 30, 20, 19, 0]
52;362;[0, 18, 27, 54, 41, 52, 51, 22, 21, 14, 15, 13, 12, 7, 8, 6, 9, 32, 31, 57, 35, 36, 37, 58, 56, 4, 3, 5, 2, 1, 23, 24, 44, 46, 45, 38, 43, 48, 26, 49, 39, 55, 10, 50, 47, 53, 25, 34, 40, 42, 11, 33, 28, 29, 30, 20, 19, 17, 16, 0]
53;364;[0, 18, 27, 54, 41, 52, 51, 22, 21, 14, 15, 13, 12, 7, 8, 6, 9, 32, 31, 57, 35, 36, 37, 58, 56, 4, 3, 1, 2, 5, 24, 23, 38, 43, 48, 26, 49, 39, 55, 10, 50, 47, 53, 25, 34, 40, 42, 11, 33, 28, 29, 30, 44, 45, 46, 20, 19, 17, 16, 0]
54;367;[0, 34, 40, 42, 11, 33, 20, 19, 17, 16, 18, 28, 29, 30, 44, 46, 45, 23, 24, 51, 52, 41, 54, 27, 22, 21, 14, 15, 13, 12, 7, 8, 6, 9, 32, 31, 57, 35, 36, 37, 58, 56, 4, 3, 1, 2, 5, 38, 43, 48, 26, 49, 39, 55, 10, 50, 47, 53, 25, 0]
55;361;[0, 18, 27, 54, 41, 52, 51, 22, 21, 14, 15, 13, 12, 7, 8, 6, 9, 32, 31, 57, 35, 36, 37, 58, 56, 4, 3, 1, 2, 5, 24, 23, 45, 46, 44, 38, 43, 48, 26, 49, 39, 55, 10, 50, 47, 53, 25, 34, 40, 42, 11, 33, 29, 30, 28, 20, 19, 17, 16, 0]
56;361;[0, 18, 27, 54, 41, 52, 51, 22, 21, 14, 15, 13, 12, 7, 8, 6, 9, 32, 31, 37, 36, 35, 57, 58, 56, 4, 2, 1, 3, 5, 24, 23, 45, 46, 44, 38, 43, 48, 26, 49, 39, 55, 10, 50, 47, 53, 25, 34, 40, 42, 11, 33, 28, 29, 30, 20, 19, 17, 16, 0]
57;365;[0, 18, 27, 54, 41, 52, 51, 22, 21, 14, 15, 13, 12, 7, 8, 6, 9, 32, 31, 37, 36, 35, 57, 56, 58, 4, 3, 1, 2, 5, 24, 23, 38, 43, 48, 26, 49, 39, 55, 10, 50, 47, 53, 25, 34, 40, 42, 11, 33, 28, 29, 30, 45, 46, 44, 20, 19, 17, 16, 0]
58;364;[0, 18, 27, 54, 41, 52, 51, 22, 21, 14, 15, 13, 12, 7, 8, 6, 9, 32, 31, 57, 35, 36, 37, 58, 56, 4, 3, 1, 2, 5, 24, 23, 38, 43, 48, 26, 49, 39, 55, 10, 50, 47, 53, 25, 34, 40, 42, 11, 33, 28, 29, 44, 46, 45, 30, 20, 19, 17, 16, 0]
59;362;[0, 18, 27, 54, 41, 52, 51, 22, 21, 14, 15, 13, 12, 7, 8, 6, 9, 32, 31, 57, 35, 36, 37, 58, 56, 4, 2, 5, 3, 1, 23, 24, 44, 46, 45, 38, 43, 48, 26, 49, 39, 55, 10, 50, 47, 53, 25, 34, 40, 42, 11, 33, 28, 29, 30, 20, 19, 17, 16, 0]
60;381;[0, 18, 37, 36, 35, 57, 31, 9, 6, 8, 7, 12, 13, 14, 21, 22, 51, 52, 41, 54, 27, 15, 32, 58, 56, 4, 3, 1, 2, 5, 24, 23, 45, 46, 44, 38, 43, 48, 26, 49, 39, 55, 10, 50, 47, 53, 25, 34, 40, 42, 11, 33, 28, 29, 30, 20, 19, 17, 16, 0]
61;361;[0, 18, 27, 54, 41, 52, 51, 22, 21, 14, 15, 13, 12, 7, 8, 6, 9, 32, 31, 37, 36, 35, 57, 56, 58, 4, 3, 1, 2, 5, 24, 23, 45, 46, 44, 30, 29, 28, 38, 43, 48, 26, 49, 39, 55, 10, 50, 47, 53, 25, 34, 40, 42, 11, 33, 20, 19, 17, 16, 0]
62;360;[0, 18, 27, 54, 41, 52, 51, 22, 21, 14, 15, 13, 12, 7, 8, 6, 9, 32, 31, 57, 35, 36, 37, 58, 56, 4, 2, 1, 3, 5, 24, 23, 45, 46, 44, 30, 29, 28, 38, 43, 48, 26, 49, 39, 55, 10, 50, 47, 53, 25, 34, 40, 42, 11, 33, 20, 19, 17, 16, 0]
63;363;[0, 18, 27, 54, 41, 52, 51, 22, 21, 14, 15, 13, 12, 7, 8, 6, 9, 32, 31, 36, 35, 37, 57, 58, 56, 4, 5, 2, 3, 1, 23, 24, 44, 46, 45, 38, 43, 48, 26, 49, 39, 55, 10, 50, 47, 53, 25, 34, 40, 42, 11, 33, 28, 29, 30, 20, 19, 17, 16, 0]
64;360;[0, 18, 27, 54, 41, 52, 51, 22, 21, 14, 15, 13, 12, 7, 8, 6, 9, 31, 32, 57, 35, 36, 37, 58, 56, 4, 3, 1, 2, 5, 24, 23, 45, 46, 44, 30, 29, 28, 38, 43, 48, 26, 49, 39, 55, 10, 50, 47, 53, 25, 34, 40, 42, 11, 33, 20, 19, 17, 16, 0]
65;362;[0, 18, 27, 54, 41, 52, 51, 22, 21, 14, 15, 13, 12, 7, 8, 6, 9, 32, 31, 37, 36, 35, 57, 58, 56, 4, 5, 2, 3, 1, 23, 24, 45, 46, 44, 38, 43, 48, 26, 49, 39, 55, 10, 50, 47, 53, 25, 34, 40, 42, 11, 33, 28, 29, 30, 20, 19, 17, 16, 0]
66;363;[0, 18, 27, 54, 41, 52, 51, 22, 21, 14, 15, 13, 12, 7, 8, 6, 9, 32, 31, 37, 36, 35, 57, 56, 58, 4, 3, 5, 2, 1, 23, 24, 44, 46, 45, 38, 43, 48, 26, 49, 39, 55, 10, 50, 47, 53, 25, 34, 40, 42, 11, 33, 28, 29, 30, 20, 19, 17, 16, 0]
67;360;[0, 18, 27, 54, 41, 52, 51, 22, 21, 14, 15, 13, 12, 7, 8, 6, 9, 32, 31, 57, 35, 36, 37, 58, 56, 4, 3, 1, 2, 5, 24, 23, 45, 46, 44, 30, 29, 28, 38, 43, 48, 26, 49, 39, 55, 10, 50, 47, 53, 25, 34, 40, 42, 11, 33, 20, 19, 17, 16, 0]
68;361;[0, 18, 17, 16, 27, 54, 41, 52, 51, 22, 21, 14, 15, 13, 12, 7, 8, 6, 9, 32, 31, 57, 35, 36, 37, 58, 56, 4, 3, 1, 2, 5, 24, 23, 45, 46, 44, 38, 43, 48, 26, 49, 39, 55, 10, 50, 47, 53, 25, 34, 40, 42, 11, 33, 28, 29, 30, 20, 19, 0]
69;362;[0, 18, 27, 54, 41, 52, 51, 22, 21, 14, 15, 13, 12, 7, 8, 6, 9, 32, 31, 57, 35, 36, 37, 58, 56, 4, 3, 5, 2, 1, 23, 24, 44, 46, 45, 38, 43, 48, 26, 49, 39, 55, 10, 50, 47, 53, 25, 34, 40, 42, 11, 33, 28, 29, 30, 20, 19, 17, 16, 0]
70;364;[0, 18, 27, 54, 41, 52, 51, 22, 21, 14, 15, 13, 12, 7, 8, 6, 9, 32, 31, 57, 35, 36, 37, 58, 56, 4, 3, 1, 2, 5, 24, 23, 25, 53, 34, 40, 42, 11, 33, 47, 50, 10, 55, 39, 49, 26, 48, 43, 38, 45, 46, 44, 30, 29, 28, 20, 19, 17, 16, 0]
71;361;[0, 18, 27, 54, 41, 52, 51, 22, 21, 14, 15, 13, 12, 7, 8, 6, 9, 31, 32, 37, 36, 35, 57, 58, 56, 4, 3, 1, 2, 5, 24, 23, 45, 46, 44, 38, 43, 48, 26, 49, 39, 55, 10, 50, 47, 53, 25, 34, 40, 42, 11, 33, 28, 29, 30, 20, 19, 17, 16, 0]
72;383;[0, 18, 17, 16, 1, 3, 4, 56, 58, 37, 36, 35, 57, 32, 9, 6, 8, 15, 27, 54, 41, 52, 51, 22, 21, 14, 13, 12, 7, 31, 2, 5, 24, 23, 45, 46, 44, 38, 43, 48, 26, 49, 39, 55, 10, 50, 47, 53, 25, 34, 40, 42, 11, 33, 28, 29, 30, 20, 19, 0]
73;360;[0, 18, 27, 54, 41, 52, 51, 22, 21, 14, 15, 13, 12, 7, 8, 6, 9, 32, 31, 57, 35, 36, 37, 58, 56, 4, 3, 1, 2, 5, 24, 23, 45, 46, 44, 38, 43, 48, 26, 49, 39, 55, 10, 50, 47, 53, 25, 34, 40, 42, 11, 33, 28, 29, 30, 20, 19, 17, 16, 0]
74;360;[0, 18, 27, 54, 41, 52, 51, 22, 21, 14, 15, 13, 12, 7, 8, 6, 9, 32, 31, 57, 35, 36, 37, 58, 56, 4, 3, 1, 2, 5, 24, 23, 45, 46, 44, 30, 29, 28, 38, 43, 48, 26, 49, 39, 55, 10, 50, 47, 53, 25, 34, 40, 42, 11, 33, 20, 19, 17, 16, 0]
75;361;[0, 18, 27, 54, 41, 52, 51, 22, 21, 14, 15, 13, 12, 7, 8, 6, 9, 32, 31, 57, 35, 36, 37, 58, 56, 4, 3, 1, 2, 5, 24, 23, 45, 46, 44, 38, 43, 48, 26, 49, 39, 55, 10, 50, 47, 53, 25, 34, 40, 42, 11, 33, 28, 29, 30, 16, 17, 20, 19, 0]
76;360;[0, 18, 27, 54, 41, 52, 51, 22, 21, 14, 15, 13, 12, 7, 8, 6, 9, 32, 31, 57, 35, 36, 37, 58, 56, 4, 3, 1, 2, 5, 24, 23, 45, 46, 44, 38, 43, 48, 26, 49, 39, 55, 10, 50, 47, 53, 25, 34, 40, 42, 11, 33, 28, 29, 30, 20, 19, 17, 16, 0]
77;370;[0, 18, 27, 54, 41, 52, 51, 22, 21, 14, 15, 13, 12, 7, 8, 6, 9, 32, 31, 57, 35, 36, 37, 58, 56, 4, 3, 1, 2, 5, 24, 23, 45, 46, 44, 38, 43, 48, 26, 49, 55, 10, 50, 47, 53, 25, 34, 40, 42, 11, 33, 39, 28, 29, 30, 20, 19, 17, 16, 0]
78;360;[0, 18, 27, 54, 41, 52, 51, 22, 21, 14, 15, 13, 12, 7, 8, 6, 9, 32, 31, 57, 35, 36, 37, 58, 56, 4, 3, 1, 2, 5, 24, 23, 45, 46, 44, 38, 43, 48, 26, 49, 39, 55, 10, 50, 47, 53, 25, 34, 40, 42, 11, 33, 28, 29, 30, 20, 19, 17, 16, 0]
79;360;[0, 18, 27, 54, 41, 52, 51, 22, 21, 14, 15, 13, 12, 7, 8, 6, 9, 32, 31, 57, 35, 36, 37, 58, 56, 4, 3, 1, 2, 5, 24, 23, 45, 46, 44, 30, 29, 28, 48, 43, 38, 26, 49, 39, 55, 10, 50, 47, 53, 25, 34, 40, 42, 11, 33, 20, 19, 17, 16, 0]
80;360;[0, 18, 27, 54, 41, 52, 51, 22, 21, 14, 15, 13, 12, 7, 8, 6, 9, 32, 31, 57, 35, 36, 37, 58, 56, 4, 3, 1, 2, 5, 24, 23, 45, 46, 44, 30, 29, 28, 48, 43, 38, 26, 49, 39, 55, 10, 50, 47, 53, 25, 34, 40, 42, 11, 33, 20, 19, 17, 16, 0]
81;362;[0, 18, 27, 54, 41, 52, 51, 22, 21, 14, 15, 13, 12, 7, 8, 6, 9, 32, 31, 37, 36, 35, 57, 58, 56, 4, 2, 5, 3, 1, 23, 24, 45, 46, 44, 30, 29, 28, 38, 43, 48, 26, 49, 39, 55, 10, 50, 47, 53, 25, 34, 40, 42, 11, 33, 20, 19, 17, 16, 0]
82;364;[0, 18, 27, 54, 41, 52, 51, 22, 21, 14, 15, 13, 12, 7, 8, 6, 9, 32, 31, 57, 35, 36, 37, 58, 56, 4, 3, 1, 2, 5, 24, 23, 45, 46, 44, 38, 43, 48, 26, 49, 39, 55, 10, 50, 47, 25, 34, 40, 42, 11, 53, 33, 28, 29, 30, 20, 19, 17, 16, 0]
83;361;[0, 18, 27, 54, 41, 52, 51, 22, 21, 14, 15, 13, 12, 7, 8, 6, 9, 32, 31, 57, 35, 36, 37, 58, 56, 4, 2, 5, 3, 1, 23, 24, 45, 46, 44, 38, 43, 48, 26, 49, 39, 55, 10, 50, 47, 53, 25, 34, 40, 42, 11, 33, 28, 29, 30, 20, 19, 17, 16, 0]
84;385;[0, 45, 23, 24, 5, 3, 56, 58, 37, 36, 35, 57, 31, 6, 8, 7, 12, 13, 15, 14, 21, 22, 51, 52, 41, 54, 27, 9, 32, 4, 2, 1, 16, 17, 18, 19, 20, 30, 29, 28, 33, 11, 42, 40, 34, 25, 53, 47, 50, 10, 55, 39, 49, 26, 48, 43, 38, 44, 46, 0]
85;362;[0, 18, 27, 54, 41, 52, 51, 22, 21, 14, 15, 13, 12, 7, 8, 6, 9, 31, 32, 57, 37, 35, 36, 58, 56, 4, 3, 5, 2, 1, 23, 24, 45, 46, 44, 38, 43, 48, 26, 49, 39, 55, 10, 50, 47, 53, 25, 34, 40, 42, 11, 33, 28, 29, 30, 20, 19, 17, 16, 0]
86;361;[0, 26, 49, 39, 55, 10, 50, 47, 53, 25, 34, 40, 42, 11, 33, 29, 30, 28, 20, 19, 17, 16, 18, 27, 54, 41, 52, 51, 22, 21, 14, 15, 13, 12, 7, 8, 6, 9, 32, 31, 57, 35, 36, 37, 58, 56, 4, 3, 1, 2, 5, 24, 23, 45, 46, 44, 38, 43, 48, 0]
87;361;[0, 18, 27, 54, 41, 52, 51, 22, 21, 14, 15, 13, 12, 7, 8, 6, 9, 32, 31, 57, 35, 36, 37, 58, 56, 4, 3, 1, 2, 5, 24, 23, 44, 46, 45, 38, 43, 48, 26, 49, 39, 55, 10, 50, 47, 53, 25, 34, 40, 42, 11, 33, 28, 29, 30, 20, 19, 17, 16, 0]
88;360;[0, 18, 27, 54, 41, 52, 51, 22, 21, 14, 15, 13, 12, 7, 8, 6, 9, 32, 31, 57, 35, 36, 37, 58, 56, 4, 3, 1, 2, 5, 24, 23, 45, 46, 44, 38, 43, 48, 26, 49, 39, 55, 10, 50, 47, 53, 25, 34, 40, 42, 11, 33, 28, 29, 30, 20, 19, 17, 16, 0]
89;368;[0, 18, 27, 54, 41, 52, 51, 22, 21, 14, 15, 13, 12, 7, 8, 6, 9, 32, 31, 57, 35, 36, 37, 58, 56, 4, 3, 1, 2, 5, 24, 23, 30, 44, 46, 45, 38, 43, 48, 26, 49, 39, 55, 10, 50, 47, 53, 25, 34, 40, 42, 11, 33, 28, 29, 20, 19, 17, 16, 0]
90;360;[0, 18, 27, 54, 41, 52, 51, 22, 21, 14, 15, 13, 12, 7, 8, 6, 9, 32, 31, 57, 35, 36, 37, 58, 56, 4, 3, 1, 2, 5, 24, 23, 45, 46, 44, 38, 43, 48, 26, 49, 39, 55, 10, 50, 47, 53, 25, 34, 40, 42, 11, 33, 28, 29, 30, 20, 19, 17, 16, 0]
91;366;[0, 18, 27, 54, 41, 52, 51, 22, 21, 14, 15, 13, 12, 7, 8, 6, 9, 32, 31, 57, 35, 36, 37, 58, 56, 4, 3, 1, 2, 5, 24, 23, 45, 46, 44, 38, 43, 26, 49, 39, 55, 10, 50, 47, 53, 25, 34, 40, 42, 11, 33, 48, 28, 29, 30, 20, 19, 17, 16, 0]
92;360;[0, 18, 27, 54, 41, 52, 51, 22, 21, 14, 15, 13, 12, 7, 8, 6, 9, 31, 32, 57, 35, 36, 37, 58, 56, 4, 3, 1, 2, 5, 24, 23, 45, 46, 44, 38, 43, 48, 26, 49, 39, 55, 10, 50, 47, 53, 25, 34, 40, 42, 11, 33, 28, 29, 30, 20, 19, 17, 16, 0]
93;361;[0, 18, 27, 54, 41, 52, 51, 22, 21, 14, 15, 13, 12, 7, 8, 6, 9, 32, 31, 57, 35, 36, 37, 58, 56, 4, 5, 2, 3, 1, 24, 23, 45, 46, 44, 38, 43, 48, 26, 49, 39, 55, 10, 50, 47, 53, 25, 34, 40, 42, 11, 33, 28, 29, 30, 20, 19, 17, 16, 0]
94;361;[0, 18, 27, 54, 41, 52, 51, 22, 21, 14, 15, 13, 12, 7, 8, 6, 9, 32, 31, 57, 35, 36, 37, 58, 56, 4, 5, 2, 3, 1, 24, 23, 45, 46, 44, 38, 43, 48, 26, 49, 39, 55, 10, 50, 47, 53, 25, 34, 40, 42, 11, 33, 28, 29, 30, 20, 19, 17, 16, 0]
95;377;[0, 18, 17, 16, 27, 54, 41, 52, 51, 22, 21, 14, 15, 13, 12, 7, 8, 6, 9, 32, 31, 57, 35, 36, 37, 58, 56, 4, 2, 1, 3, 5, 24, 23, 45, 46, 44, 30, 29, 28, 38, 43, 48, 26, 49, 39, 55, 10, 50, 47, 33, 11, 53, 25, 34, 42, 40, 20, 19, 0]
96;360;[0, 40, 42, 11, 33, 20, 19, 17, 16, 18, 27, 54, 41, 52, 51, 22, 21, 14, 15, 13, 12, 7, 8, 6, 9, 32, 31, 57, 35, 36, 37, 58, 56, 4, 3, 1, 2, 5, 24, 23, 45, 46, 44, 30, 29, 28, 38, 43, 48, 26, 49, 39, 55, 10, 50, 47, 53, 25, 34, 0]
97;365;[0, 18, 27, 54, 41, 52, 51, 22, 21, 14, 15, 13, 12, 7, 8, 6, 9, 32, 31, 57, 35, 36, 37, 58, 56, 4, 3, 1, 2, 5, 24, 23, 45, 46, 44, 38, 43, 48, 26, 49, 39, 55, 10, 50, 47, 25, 34, 40, 42, 11, 53, 33, 28, 29, 30, 16, 17, 20, 19, 0]
98;363;[0, 18, 27, 54, 41, 52, 51, 22, 21, 14, 15, 13, 12, 7, 8, 6, 9, 32, 31, 37, 36, 35, 57, 58, 56, 4, 5, 2, 3, 1, 23, 24, 44, 46, 45, 38, 43, 48, 26, 49, 39, 55, 10, 50, 47, 53, 25, 34, 40, 42, 11, 33, 28, 29, 30, 20, 19, 17, 16, 0]
99;361;[0, 18, 27, 54, 41, 52, 51, 22, 21, 14, 15, 13, 12, 7, 8, 6, 9, 32, 31, 57, 35, 36, 37, 58, 56, 4, 5, 3, 2, 1, 24, 23, 45, 46, 44, 30, 29, 28, 38, 43, 48, 26, 49, 39, 55, 10, 50, 47, 53, 25, 34, 40, 42, 11, 33, 20, 19, 17, 16, 0]
100;366;[0, 18, 27, 54, 41, 52, 51, 22, 21, 14, 15, 13, 12, 7, 8, 6, 9, 32, 31, 37, 36, 35, 57, 58, 56, 4, 3, 1, 2, 5, 24, 23, 45, 46, 44, 30, 29, 48, 43, 38, 26, 49, 39, 55, 10, 50, 47, 53, 25, 34, 40, 42, 11, 33, 28, 20, 19, 17, 16, 0]
101;374;[0, 18, 27, 54, 41, 52, 51, 22, 21, 14, 15, 13, 12, 7, 8, 6, 9, 32, 31, 57, 35, 36, 37, 58, 56, 4, 3, 5, 2, 1, 23, 24, 38, 43, 48, 26, 49, 39, 55, 10, 50, 47, 33, 11, 53, 25, 42, 40, 34, 28, 29, 30, 45, 46, 44, 17, 16, 20, 19, 0]
102;361;[0, 18, 27, 54, 41, 52, 51, 22, 21, 14, 15, 13, 12, 7, 8, 6, 9, 32, 31, 37, 35, 36, 57, 56, 58, 4, 3, 1, 2, 5, 24, 23, 45, 46, 44, 38, 43, 48, 26, 49, 39, 55, 10, 50, 47, 53, 25, 34, 40, 42, 11, 33, 28, 29, 30, 20, 19, 17, 16, 0]
103;360;[0, 18, 27, 54, 41, 52, 51, 22, 21, 14, 15, 13, 12, 7, 8, 6, 9, 31, 32, 57, 35, 36, 37, 58, 56, 4, 3, 1, 2, 5, 24, 23, 45, 46, 44, 38, 43, 48, 26, 49, 39, 55, 10, 50, 47, 53, 25, 34, 40, 42, 11, 33, 28, 29, 30, 20, 19, 17, 16, 0]
104;360;[0, 18, 27, 54, 41, 52, 51, 22, 21, 14, 15, 13, 12, 7, 8, 6, 9, 32, 31, 57, 35, 36, 37, 58, 56, 4, 3, 1, 2, 5, 24, 23, 45, 46, 44, 38, 43, 48, 26, 49, 39, 55, 10, 50, 47, 53, 25, 34, 40, 42, 11, 33, 28, 29, 30, 20, 19, 17, 16, 0]
105;360;[0, 18, 27, 54, 41, 52, 51, 22, 21, 14, 15, 13, 12, 7, 8, 6, 9, 32, 31, 57, 35, 36, 37, 58, 56, 4, 3, 1, 2, 5, 24, 23, 45, 46, 44, 38, 43, 48, 26, 49, 39, 55, 10, 50, 47, 53, 25, 34, 40, 42, 11, 33, 28, 29, 30, 20, 19, 17, 16, 0]
106;380;[0, 18, 17, 16, 37, 36, 35, 57, 31, 32, 9, 6, 8, 15, 27, 54, 41, 52, 51, 22, 21, 14, 13, 12, 7, 58, 56, 4, 3, 1, 2, 5, 24, 23, 45, 46, 44, 30, 29, 28, 38, 43, 48, 26, 49, 39, 55, 10, 50, 47, 53, 25, 34, 40, 42, 11, 33, 20, 19, 0]
107;365;[0, 18, 27, 54, 41, 52, 51, 22, 21, 14, 15, 13, 12, 7, 8, 6, 9, 32, 31, 36, 35, 37, 57, 58, 56, 4, 3, 1, 2, 5, 24, 23, 38, 43, 48, 26, 49, 39, 55, 10, 50, 47, 53, 25, 34, 40, 42, 11, 33, 28, 29, 30, 44, 45, 46, 20, 19, 17, 16, 0]
108;361;[0, 18, 27, 54, 41, 52, 51, 22, 21, 14, 15, 13, 12, 7, 8, 6, 9, 32, 31, 36, 35, 37, 57, 58, 56, 4, 3, 1, 2, 5, 24, 23, 45, 46, 44, 38, 43, 48, 26, 49, 39, 55, 10, 50, 47, 53, 25, 34, 40, 42, 11, 33, 28, 29, 30, 20, 19, 17, 16, 0]
109;364;[0, 18, 27, 54, 41, 52, 51, 22, 21, 14, 15, 13, 12, 7, 8, 6, 9, 32, 31, 57, 35, 36, 37, 58, 56, 4, 3, 1, 2, 5, 24, 23, 45, 46, 44, 38, 43, 48, 26, 49, 39, 55, 10, 50, 47, 25, 34, 40, 42, 11, 53, 33, 28, 29, 30, 20, 19, 17, 16, 0]
110;361;[0, 18, 27, 54, 41, 52, 51, 22, 21, 14, 15, 13, 12, 7, 8, 6, 9, 32, 31, 57, 35, 36, 37, 58, 56, 4, 5, 2, 3, 1, 23, 24, 45, 46, 44, 38, 43, 48, 26, 49, 39, 55, 10, 50, 47, 53, 25, 34, 40, 42, 11, 33, 28, 29, 30, 20, 19, 17, 16, 0]
111;365;[0, 18, 27, 54, 41, 52, 51, 22, 21, 14, 15, 13, 12, 7, 8, 6, 9, 32, 31, 57, 35, 36, 37, 58, 56, 4, 2, 1, 3, 5, 24, 23, 45, 46, 44, 30, 29, 43, 38, 48, 26, 49, 39, 55, 10, 50, 47, 53, 25, 34, 40, 42, 11, 33, 28, 20, 19, 17, 16, 0]
112;380;[0, 18, 17, 16, 37, 36, 35, 57, 31, 32, 9, 6, 8, 7, 14, 21, 22, 51, 52, 41, 54, 27, 15, 13, 12, 58, 56, 4, 3, 1, 2, 5, 24, 23, 45, 46, 44, 30, 29, 28, 38, 43, 48, 26, 49, 39, 55, 10, 50, 47, 53, 25, 34, 40, 42, 11, 33, 20, 19, 0]
113;365;[0, 18, 27, 54, 41, 52, 51, 22, 21, 14, 15, 13, 12, 7, 8, 6, 9, 31, 32, 57, 35, 36, 37, 58, 56, 4, 3, 5, 2, 1, 23, 24, 38, 43, 48, 26, 49, 39, 55, 10, 50, 47, 53, 25, 34, 40, 42, 11, 33, 28, 29, 30, 45, 46, 44, 20, 19, 17, 16, 0]
114;360;[0, 18, 27, 54, 41, 52, 51, 22, 21, 14, 15, 13, 12, 7, 8, 6, 9, 32, 31, 57, 35, 36, 37, 58, 56, 4, 3, 1, 2, 5, 24, 23, 45, 46, 44, 30, 29, 28, 38, 43, 48, 26, 49, 39, 55, 10, 50, 47, 53, 25, 34, 40, 42, 11, 33, 20, 19, 17, 16, 0]
115;360;[0, 18, 27, 54, 41, 52, 51, 22, 21, 14, 15, 13, 12, 7, 8, 6, 9, 32, 31, 57, 35, 36, 37, 58, 56, 4, 3, 1, 2, 5, 24, 23, 45, 46, 44, 38, 43, 48, 26, 49, 39, 55, 10, 50, 47, 53, 25, 34, 40, 42, 11, 33, 28, 29, 30, 20, 19, 17, 16, 0]
116;361;[0, 18, 27, 54, 41, 52, 51, 22, 21, 14, 15, 13, 12, 7, 8, 6, 9, 32, 31, 37, 36, 35, 57, 56, 58, 4, 2, 1, 3, 5, 24, 23, 45, 46, 44, 38, 43, 48, 26, 49, 39, 55, 10, 50, 47, 53, 25, 34, 40, 42, 11, 33, 28, 29, 30, 20, 19, 17, 16, 0]
117;364;[0, 20, 17, 16, 45, 46, 44, 30, 29, 28, 33, 11, 42, 40, 34, 25, 53, 47, 50, 10, 55, 39, 49, 26, 48, 43, 38, 24, 23, 5, 2, 1, 3, 4, 58, 56, 36, 35, 37, 57, 31, 32, 9, 6, 8, 7, 12, 13, 15, 14, 21, 22, 51, 52, 41, 54, 27, 18, 19, 0]
118;384;[0, 18, 1, 2, 56, 58, 36, 35, 37, 12, 13, 15, 27, 54, 41, 52, 51, 22, 21, 14, 7, 8, 6, 9, 32, 31, 57, 4, 3, 5, 24, 23, 45, 46, 44, 38, 43, 48, 26, 49, 39, 55, 10, 50, 47, 53, 25, 34, 40, 42, 11, 33, 28, 29, 30, 20, 19, 17, 16, 0]
119;369;[0, 18, 27, 54, 41, 52, 51, 22, 21, 14, 15, 13, 12, 7, 8, 6, 9, 32, 31, 57, 35, 36, 37, 58, 56, 4, 3, 1, 2, 5, 24, 23, 45, 46, 44, 30, 29, 28, 38, 43, 48, 26, 49, 39, 55, 10, 50, 47, 33, 11, 53, 25, 42, 40, 34, 20, 19, 17, 16, 0]
120;366;[0, 18, 27, 54, 41, 52, 51, 22, 21, 14, 15, 13, 12, 7, 8, 6, 9, 32, 31, 57, 35, 36, 37, 58, 56, 4, 3, 1, 2, 5, 24, 23, 25, 34, 40, 42, 11, 53, 33, 47, 50, 10, 55, 39, 49, 26, 48, 43, 38, 45, 46, 44, 30, 29, 28, 20, 19, 17, 16, 0]
121;360;[0, 18, 27, 54, 41, 52, 51, 22, 21, 14, 15, 13, 12, 7, 8, 6, 9, 32, 31, 57, 35, 36, 37, 58, 56, 4, 3, 1, 2, 5, 24, 23, 45, 46, 44, 38, 43, 48, 26, 49, 39, 55, 10, 50, 47, 53, 25, 34, 40, 42, 11, 33, 28, 29, 30, 20, 19, 17, 16, 0]
122;384;[0, 18, 17, 16, 1, 3, 4, 56, 58, 37, 36, 35, 57, 31, 32, 7, 14, 21, 22, 51, 52, 41, 54, 27, 15, 12, 13, 8, 6, 9, 2, 5, 24, 23, 45, 46, 44, 30, 29, 28, 48, 43, 38, 26, 49, 39, 55, 10, 50, 47, 53, 25, 34, 40, 42, 11, 33, 20, 19, 0]
123;362;[0, 18, 27, 54, 41, 52, 51, 22, 21, 14, 15, 13, 12, 7, 8, 6, 9, 32, 31, 37, 36, 35, 57, 56, 58, 4, 2, 1, 3, 5, 24, 23, 45, 46, 44, 38, 43, 48, 26, 49, 39, 55, 10, 50, 47, 53, 25, 34, 40, 42, 11, 33, 29, 30, 28, 20, 19, 17, 16, 0]
124;365;[0, 24, 23, 5, 2, 1, 3, 4, 56, 58, 37, 36, 35, 57, 31, 32, 9, 6, 8, 7, 13, 12, 15, 14, 21, 22, 51, 52, 41, 54, 27, 18, 20, 19, 17, 16, 45, 46, 44, 30, 29, 28, 33, 11, 42, 40, 34, 25, 53, 47, 50, 10, 55, 39, 49, 26, 48, 43, 38, 0]
125;369;[0, 18, 27, 54, 41, 52, 51, 22, 21, 14, 15, 13, 12, 7, 8, 6, 9, 32, 31, 57, 35, 36, 37, 58, 56, 4, 5, 2, 3, 1, 23, 24, 30, 44, 46, 45, 38, 43, 48, 26, 49, 39, 55, 10, 50, 47, 53, 25, 34, 40, 42, 11, 33, 28, 29, 20, 19, 17, 16, 0]
126;361;[0, 18, 27, 54, 41, 52, 51, 22, 21, 14, 15, 13, 12, 7, 8, 6, 9, 32, 31, 37, 35, 36, 57, 58, 56, 4, 2, 1, 3, 5, 24, 23, 45, 46, 44, 30, 29, 28, 38, 43, 48, 26, 49, 39, 55, 10, 50, 47, 53, 25, 34, 40, 42, 11, 33, 20, 19, 17, 16, 0]
127;360;[0, 18, 27, 54, 41, 52, 51, 22, 21, 14, 15, 13, 12, 7, 8, 6, 9, 32, 31, 57, 35, 36, 37, 58, 56, 4, 3, 1, 2, 5, 24, 23, 45, 46, 44, 30, 29, 28, 38, 43, 48, 26, 49, 39, 55, 10, 50, 47, 53, 25, 34, 40, 42, 11, 33, 20, 19, 17, 16, 0]
128;362;[0, 48, 43, 38, 44, 46, 45, 23, 24, 5, 2, 1, 3, 4, 56, 58, 37, 35, 36, 57, 31, 32, 9, 6, 8, 7, 12, 13, 15, 14, 21, 22, 51, 52, 41, 54, 27, 18, 16, 17, 19, 20, 30, 29, 28, 33, 11, 42, 40, 34, 25, 53, 47, 50, 10, 55, 39, 49, 26, 0]
129;362;[0, 18, 27, 54, 41, 52, 51, 22, 21, 14, 15, 13, 12, 7, 8, 6, 9, 32, 31, 57, 37, 35, 36, 58, 56, 4, 2, 5, 3, 1, 23, 24, 46, 44, 45, 38, 43, 48, 26, 49, 39, 55, 10, 50, 47, 53, 25, 34, 40, 42, 11, 33, 28, 29, 30, 20, 19, 17, 16, 0]
130;360;[0, 11, 33, 20, 19, 17, 16, 18, 27, 54, 41, 52, 51, 22, 21, 14, 15, 13, 12, 7, 8, 6, 9, 32, 31, 57, 35, 36, 37, 58, 56, 4, 3, 1, 2, 5, 24, 23, 45, 46, 44, 30, 29, 28, 43, 38, 48, 26, 49, 39, 55, 10, 50, 47, 53, 25, 34, 40, 42, 0]
131;367;[0, 18, 27, 54, 41, 52, 51, 22, 21, 14, 15, 13, 12, 7, 8, 6, 9, 32, 31, 57, 35, 36, 37, 58, 56, 4, 3, 1, 2, 5, 24, 23, 46, 44, 45, 38, 43, 48, 26, 49, 39, 55, 10, 50, 47, 33, 53, 25, 11, 42, 40, 34, 28, 29, 30, 20, 19, 17, 16, 0]
132;360;[0, 18, 27, 54, 41, 52, 51, 22, 21, 14, 15, 13, 12, 7, 8, 6, 9, 32, 31, 57, 35, 36, 37, 58, 56, 4, 3, 1, 2, 5, 24, 23, 45, 46, 44, 38, 43, 48, 26, 49, 39, 55, 10, 50, 47, 53, 25, 34, 40, 42, 11, 33, 28, 29, 30, 20, 19, 17, 16, 0]
133;360;[0, 18, 27, 54, 41, 52, 51, 22, 21, 14, 15, 13, 12, 7, 8, 6, 9, 31, 32, 57, 35, 36, 37, 58, 56, 4, 3, 1, 2, 5, 24, 23, 45, 46, 44, 38, 43, 48, 26, 49, 39, 55, 10, 50, 47, 53, 25, 34, 40, 42, 11, 33, 28, 29, 30, 20, 19, 17, 16, 0]
134;360;[0, 18, 27, 54, 41, 52, 51, 22, 21, 14, 15, 13, 12, 7, 8, 6, 9, 32, 31, 57, 35, 36, 37, 58, 56, 4, 3, 1, 2, 5, 24, 23, 45, 46, 44, 38, 43, 48, 26, 49, 39, 55, 10, 50, 47, 53, 25, 34, 40, 42, 11, 33, 28, 29, 30, 20, 19, 17, 16, 0]
135;361;[0, 18, 17, 16, 27, 54, 41, 52, 51, 22, 21, 14, 15, 13, 12, 7, 8, 6, 9, 32, 31, 57, 35, 36, 37, 58, 56, 4, 3, 1, 2, 5, 24, 23, 45, 46, 44, 30, 29, 28, 38, 43, 48, 26, 49, 39, 55, 10, 50, 47, 53, 25, 34, 40, 42, 11, 33, 20, 19, 0]
136;370;[0, 18, 27, 54, 41, 52, 51, 22, 21, 14, 15, 13, 12, 7, 8, 6, 9, 32, 31, 57, 35, 36, 37, 58, 56, 4, 3, 1, 2, 5, 24, 23, 45, 46, 44, 38, 43, 48, 26, 49, 55, 10, 50, 47, 53, 25, 34, 40, 42, 11, 33, 39, 28, 29, 30, 20, 19, 17, 16, 0]
137;375;[0, 18, 17, 16, 28, 29, 30, 44, 46, 45, 23, 24, 51, 52, 41, 54, 27, 22, 21, 14, 15, 13, 12, 7, 8, 6, 9, 32, 31, 37, 36, 35, 57, 58, 56, 4, 3, 1, 2, 5, 38, 43, 48, 26, 49, 39, 55, 10, 50, 47, 33, 53, 25, 11, 42, 40, 34, 20, 19, 0]
138;360;[0, 18, 27, 54, 41, 52, 51, 22, 21, 14, 15, 13, 12, 7, 8, 6, 9, 32, 31, 57, 35, 36, 37, 58, 56, 4, 3, 1, 2, 5, 24, 23, 45, 46, 44, 38, 43, 48, 26, 49, 39, 55, 10, 50, 47, 53, 25, 34, 40, 42, 11, 33, 28, 29, 30, 20, 19, 17, 16, 0]
139;360;[0, 18, 27, 54, 41, 52, 51, 22, 21, 14, 15, 13, 12, 7, 8, 6, 9, 32, 31, 57, 35, 36, 37, 58, 56, 4, 3, 1, 2, 5, 24, 23, 45, 46, 44, 30, 29, 28, 38, 43, 48, 26, 49, 39, 55, 10, 50, 47, 53, 25, 34, 40, 42, 11, 33, 20, 19, 17, 16, 0]
140;369;[0, 18, 27, 54, 41, 52, 51, 22, 21, 14, 15, 13, 12, 7, 8, 6, 9, 32, 31, 37, 36, 35, 57, 56, 58, 4, 3, 1, 2, 5, 24, 23, 44, 46, 45, 38, 43, 48, 26, 49, 39, 55, 10, 50, 47, 33, 53, 25, 11, 42, 40, 34, 28, 29, 30, 20, 19, 17, 16, 0]
141;362;[0, 18, 27, 54, 41, 52, 51, 22, 21, 14, 15, 13, 12, 7, 8, 6, 9, 32, 31, 57, 37, 35, 36, 58, 56, 4, 3, 1, 2, 5, 24, 23, 44, 46, 45, 38, 43, 48, 26, 49, 39, 55, 10, 50, 47, 53, 25, 34, 40, 42, 11, 33, 28, 29, 30, 20, 19, 17, 16, 0]
142;361;[0, 18, 27, 54, 41, 52, 51, 22, 21, 14, 15, 13, 12, 7, 8, 6, 9, 32, 31, 57, 35, 36, 37, 58, 56, 4, 5, 2, 3, 1, 24, 23, 45, 46, 44, 38, 43, 48, 26, 49, 39, 55, 10, 50, 47, 53, 25, 34, 40, 42, 11, 33, 28, 29, 30, 20, 19, 17, 16, 0]
143;370;[0, 18, 27, 54, 41, 52, 51, 22, 21, 14, 15, 13, 12, 7, 8, 6, 9, 32, 31, 57, 35, 36, 37, 58, 56, 4, 3, 1, 2, 5, 24, 23, 45, 46, 44, 38, 43, 48, 26, 49, 55, 10, 50, 47, 53, 25, 34, 40, 42, 11, 33, 39, 28, 29, 30, 20, 19, 17, 16, 0]
144;360;[0, 18, 27, 54, 41, 52, 51, 22, 21, 14, 15, 13, 12, 7, 8, 6, 9, 32, 31, 57, 35, 36, 37, 58, 56, 4, 3, 1, 2, 5, 24, 23, 45, 46, 44, 30, 29, 28, 38, 43, 48, 26, 49, 39, 55, 10, 50, 47, 53, 25, 34, 40, 42, 11, 33, 20, 19, 17, 16, 0]
145;367;[0, 18, 27, 54, 41, 52, 51, 22, 21, 14, 15, 13, 12, 7, 8, 6, 9, 32, 31, 57, 35, 36, 37, 58, 56, 4, 5, 2, 3, 1, 23, 24, 48, 26, 49, 39, 55, 10, 50, 47, 53, 25, 34, 40, 42, 11, 33, 43, 38, 45, 46, 44, 30, 29, 28, 20, 19, 17, 16, 0]
146;370;[0, 18, 27, 54, 41, 52, 51, 22, 21, 14, 15, 13, 12, 7, 8, 6, 9, 31, 32, 57, 35, 36, 37, 58, 56, 4, 3, 1, 2, 5, 24, 23, 38, 43, 26, 49, 39, 55, 10, 50, 47, 53, 25, 34, 40, 42, 11, 33, 48, 28, 29, 44, 46, 45, 30, 20, 19, 17, 16, 0]
147;361;[0, 18, 27, 54, 41, 52, 51, 22, 21, 14, 15, 13, 12, 7, 8, 6, 9, 32, 31, 57, 35, 36, 37, 58, 56, 4, 2, 1, 3, 5, 24, 23, 45, 46, 44, 38, 43, 48, 26, 49, 39, 55, 10, 50, 47, 53, 25, 34, 40, 42, 11, 33, 28, 29, 30, 16, 17, 20, 19, 0]
148;371;[0, 18, 28, 29, 30, 44, 46, 45, 23, 24, 51, 52, 41, 54, 27, 22, 21, 14, 15, 13, 12, 7, 8, 6, 9, 32, 31, 57, 35, 36, 37, 58, 56, 4, 5, 3, 2, 1, 38, 43, 48, 26, 49, 39, 55, 10, 50, 47, 25, 34, 40, 42, 11, 53, 33, 20, 19, 17, 16, 0]
149;366;[0, 18, 17, 16, 28, 29, 30, 44, 46, 45, 23, 24, 51, 52, 41, 54, 27, 22, 21, 14, 15, 13, 12, 7, 8, 6, 9, 32, 31, 57, 35, 36, 37, 58, 56, 4, 3, 1, 2, 5, 38, 43, 48, 26, 49, 39, 55, 10, 50, 47, 53, 25, 34, 40, 42, 11, 33, 20, 19, 0]
150;361;[0, 18, 27, 54, 41, 52, 51, 22, 21, 14, 15, 13, 12, 7, 8, 6, 9, 32, 31, 57, 35, 36, 37, 58, 56, 4, 3, 1, 2, 5, 24, 23, 45, 44, 46, 38, 43, 48, 26, 49, 39, 55, 10, 50, 47, 53, 25, 34, 40, 42, 11, 33, 28, 29, 30, 20, 19, 17, 16, 0]
151;361;[0, 18, 27, 54, 41, 52, 51, 22, 21, 14, 15, 13, 12, 7, 8, 6, 9, 32, 31, 37, 36, 35, 57, 56, 58, 4, 3, 1, 2, 5, 24, 23, 45, 46, 44, 30, 29, 28, 48, 38, 43, 26, 49, 39, 55, 10, 50, 47, 53, 25, 34, 40, 42, 11, 33, 20, 19, 17, 16, 0]
152;360;[0, 18, 27, 54, 41, 52, 51, 22, 21, 14, 15, 13, 12, 7, 8, 6, 9, 32, 31, 57, 35, 36, 37, 58, 56, 4, 3, 1, 2, 5, 24, 23, 45, 46, 44, 30, 29, 28, 38, 43, 48, 26, 49, 39, 55, 10, 50, 47, 53, 25, 34, 40, 42, 11, 33, 20, 19, 17, 16, 0]
153;360;[0, 18, 27, 54, 41, 52, 51, 22, 21, 14, 15, 13, 12, 7, 8, 6, 9, 32, 31, 57, 35, 36, 37, 58, 56, 4, 3, 1, 2, 5, 24, 23, 46, 44, 45, 38, 43, 48, 26, 49, 39, 55, 10, 50, 47, 53, 25, 34, 40, 42, 11, 33, 28, 29, 30, 20, 19, 17, 16, 0]
154;366;[0, 18, 54, 41, 27, 51, 52, 22, 21, 14, 15, 13, 12, 7, 8, 6, 9, 32, 31, 57, 35, 36, 37, 58, 56, 4, 3, 5, 2, 1, 23, 24, 45, 44, 46, 38, 43, 48, 26, 49, 39, 55, 10, 50, 47, 53, 25, 34, 40, 42, 11, 33, 28, 29, 30, 20, 19, 17, 16, 0]
155;386;[0, 18, 17, 16, 37, 36, 35, 57, 31, 32, 9, 6, 8, 15, 27, 54, 41, 52, 51, 22, 21, 14, 13, 12, 7, 58, 56, 4, 3, 1, 2, 5, 24, 23, 25, 34, 40, 42, 11, 53, 33, 47, 50, 10, 55, 39, 49, 26, 48, 43, 38, 45, 46, 44, 30, 29, 28, 20, 19, 0]
156;361;[0, 18, 27, 54, 41, 52, 51, 22, 21, 14, 15, 13, 12, 7, 8, 6, 9, 32, 31, 37, 36, 35, 57, 56, 58, 4, 3, 1, 2, 5, 24, 23, 45, 46, 44, 38, 43, 48, 26, 49, 39, 55, 10, 50, 47, 53, 25, 34, 40, 42, 11, 33, 28, 29, 30, 20, 19, 17, 16, 0]
157;376;[0, 18, 27, 54, 41, 52, 51, 22, 21, 14, 15, 13, 12, 7, 8, 6, 9, 32, 31, 57, 35, 36, 37, 58, 56, 4, 3, 1, 2, 5, 24, 23, 45, 46, 44, 30, 29, 28, 38, 43, 48, 26, 49, 39, 55, 10, 50, 47, 33, 11, 53, 25, 34, 42, 40, 20, 19, 17, 16, 0]
158;360;[0, 18, 27, 54, 41, 52, 51, 22, 21, 14, 15, 13, 12, 7, 8, 6, 9, 32, 31, 57, 35, 36, 37, 58, 56, 4, 3, 1, 2, 5, 24, 23, 45, 46, 44, 38, 43, 48, 26, 49, 39, 55, 10, 50, 47, 53, 25, 34, 40, 42, 11, 33, 28, 29, 30, 20, 19, 17, 16, 0]
159;361;[0, 18, 27, 54, 41, 52, 51, 22, 21, 14, 15, 13, 12, 7, 8, 6, 9, 32, 31, 57, 35, 36, 37, 58, 56, 4, 5, 2, 3, 1, 23, 24, 45, 46, 44, 30, 29, 28, 38, 43, 48, 26, 49, 39, 55, 10, 50, 47, 53, 25, 34, 40, 42, 11, 33, 20, 19, 17, 16, 0]
160;364;[0, 18, 17, 16, 19, 20, 33, 11, 42, 40, 34, 25, 53, 47, 50, 10, 55, 39, 49, 26, 48, 43, 38, 28, 29, 30, 44, 46, 45, 23, 24, 5, 2, 1, 3, 4, 56, 58, 37, 36, 35, 57, 31, 32, 9, 6, 8, 7, 12, 13, 15, 14, 21, 22, 51, 52, 41, 54, 27, 0]
161;385;[0, 18, 1, 2, 56, 58, 37, 36, 35, 57, 31, 9, 6, 8, 7, 12, 13, 14, 21, 22, 51, 52, 41, 54, 27, 15, 32, 4, 3, 5, 24, 23, 45, 46, 44, 38, 43, 48, 26, 49, 39, 55, 10, 50, 47, 53, 25, 34, 40, 42, 11, 33, 28, 29, 30, 20, 19, 17, 16, 0]
162;361;[0, 18, 27, 54, 41, 52, 51, 22, 21, 14, 15, 13, 12, 7, 8, 6, 9, 32, 31, 57, 35, 36, 37, 58, 56, 4, 3, 5, 2, 1, 23, 24, 45, 46, 44, 30, 29, 28, 38, 43, 48, 26, 49, 39, 55, 10, 50, 47, 53, 25, 34, 40, 42, 11, 33, 20, 19, 17, 16, 0]
163;363;[0, 18, 27, 54, 41, 52, 51, 22, 21, 14, 15, 13, 12, 7, 8, 6, 9, 32, 31, 37, 36, 35, 57, 58, 56, 4, 5, 2, 3, 1, 24, 23, 44, 46, 45, 38, 43, 48, 26, 49, 39, 55, 10, 50, 47, 53, 25, 34, 40, 42, 11, 33, 28, 29, 30, 20, 19, 17, 16, 0]
164;360;[0, 18, 27, 54, 41, 52, 51, 22, 21, 14, 15, 13, 12, 7, 8, 6, 9, 32, 31, 57, 35, 36, 37, 58, 56, 4, 3, 1, 2, 5, 24, 23, 45, 46, 44, 38, 43, 48, 26, 49, 39, 55, 10, 50, 47, 53, 25, 34, 40, 42, 11, 33, 28, 29, 30, 20, 19, 17, 16, 0]
165;361;[0, 18, 27, 54, 41, 52, 51, 22, 21, 14, 15, 13, 12, 7, 8, 6, 9, 32, 31, 37, 36, 35, 57, 58, 56, 4, 3, 1, 2, 5, 24, 23, 45, 46, 44, 38, 43, 48, 26, 49, 39, 55, 10, 50, 47, 53, 25, 34, 40, 42, 11, 33, 28, 29, 30, 20, 19, 17, 16, 0]
166;362;[0, 18, 27, 54, 41, 52, 51, 22, 21, 14, 15, 13, 12, 7, 8, 6, 9, 32, 31, 57, 37, 35, 36, 58, 56, 4, 3, 1, 2, 5, 24, 23, 44, 46, 45, 38, 43, 48, 26, 49, 39, 55, 10, 50, 47, 53, 25, 34, 40, 42, 11, 33, 28, 29, 30, 20, 19, 17, 16, 0]
167;380;[0, 18, 17, 16, 37, 36, 35, 57, 31, 32, 9, 6, 8, 15, 27, 54, 41, 52, 51, 22, 21, 14, 13, 12, 7, 58, 56, 4, 3, 1, 2, 5, 24, 23, 45, 46, 44, 30, 29, 28, 48, 38, 43, 26, 49, 39, 55, 10, 50, 47, 53, 25, 34, 40, 42, 11, 33, 20, 19, 0]
168;368;[0, 18, 27, 54, 41, 52, 51, 22, 21, 14, 15, 13, 12, 7, 8, 6, 9, 32, 31, 57, 35, 36, 37, 58, 56, 4, 3, 1, 2, 5, 24, 23, 45, 46, 44, 30, 29, 28, 38, 43, 48, 26, 49, 39, 55, 10, 50, 47, 33, 53, 25, 11, 42, 40, 34, 20, 19, 17, 16, 0]
169;362;[0, 44, 23, 24, 5, 2, 1, 3, 4, 56, 58, 37, 36, 35, 57, 31, 32, 9, 6, 8, 7, 12, 13, 15, 14, 21, 22, 51, 52, 41, 54, 27, 18, 16, 17, 19, 20, 30, 29, 28, 33, 11, 42, 40, 34, 25, 53, 47, 50, 10, 55, 39, 49, 26, 48, 43, 38, 45, 46, 0]
170;370;[0, 18, 27, 54, 41, 52, 51, 22, 21, 14, 15, 13, 12, 7, 8, 6, 9, 31, 32, 37, 36, 35, 57, 56, 58, 4, 5, 3, 2, 1, 23, 24, 38, 43, 48, 26, 49, 39, 55, 10, 50, 47, 25, 34, 40, 42, 11, 53, 33, 28, 29, 44, 46, 45, 30, 20, 19, 17, 16, 0]
171;365;[0, 26, 48, 43, 38, 24, 23, 5, 2, 1, 3, 4, 56, 58, 37, 36, 35, 57, 31, 32, 9, 6, 8, 7, 12, 13, 15, 14, 21, 22, 51, 52, 41, 54, 27, 18, 20, 19, 17, 16, 45, 46, 44, 30, 29, 28, 33, 11, 42, 40, 34, 25, 53, 47, 50, 10, 55, 39, 49, 0]
172;362;[0, 18, 27, 54, 41, 52, 51, 22, 21, 14, 15, 13, 12, 7, 8, 6, 9, 32, 31, 57, 35, 36, 37, 58, 56, 4, 3, 5, 2, 1, 23, 24, 44, 46, 45, 38, 43, 48, 26, 49, 39, 55, 10, 50, 47, 53, 25, 34, 40, 42, 11, 33, 28, 29, 30, 20, 19, 17, 16, 0]
173;360;[0, 18, 27, 54, 41, 52, 51, 22, 21, 14, 15, 13, 12, 7, 8, 6, 9, 32, 31, 57, 35, 36, 37, 58, 56, 4, 3, 1, 2, 5, 24, 23, 45, 46, 44, 38, 43, 48, 26, 49, 39, 55, 10, 50, 47, 53, 25, 34, 40, 42, 11, 33, 28, 29, 30, 20, 19, 17, 16, 0]
174;366;[0, 18, 17, 16, 27, 54, 41, 52, 51, 22, 21, 14, 15, 13, 12, 7, 8, 6, 9, 31, 32, 36, 35, 37, 57, 58, 56, 4, 2, 1, 3, 5, 24, 23, 25, 53, 34, 40, 42, 11, 33, 47, 50, 10, 55, 39, 49, 26, 48, 43, 38, 45, 46, 44, 30, 29, 28, 20, 19, 0]
175;362;[0, 18, 27, 54, 41, 52, 51, 22, 21, 14, 15, 13, 12, 7, 8, 6, 9, 32, 31, 36, 35, 37, 57, 58, 56, 4, 5, 2, 3, 1, 24, 23, 45, 46, 44, 38, 43, 48, 26, 49, 39, 55, 10, 50, 47, 53, 25, 34, 40, 42, 11, 33, 28, 29, 30, 20, 19, 17, 16, 0]
176;360;[0, 18, 27, 54, 41, 52, 51, 22, 21, 14, 15, 13, 12, 7, 8, 6, 9, 32, 31, 57, 35, 36, 37, 58, 56, 4, 3, 1, 2, 5, 24, 23, 45, 46, 44, 38, 43, 48, 26, 49, 39, 55, 10, 50, 47, 53, 25, 34, 40, 42, 11, 33, 28, 29, 30, 20, 19, 17, 16, 0]
177;361;[0, 18, 27, 54, 41, 52, 51, 22, 21, 14, 15, 13, 12, 7, 8, 6, 9, 32, 31, 57, 35, 36, 37, 58, 56, 4, 3, 5, 2, 1, 23, 24, 45, 46, 44, 30, 29, 28, 38, 43, 48, 26, 49, 39, 55, 10, 50, 47, 53, 25, 34, 40, 42, 11, 33, 20, 19, 17, 16, 0]
178;360;[0, 18, 27, 54, 41, 52, 51, 22, 21, 14, 15, 13, 12, 7, 8, 6, 9, 32, 31, 57, 35, 36, 37, 58, 56, 4, 3, 1, 2, 5, 24, 23, 45, 46, 44, 38, 43, 48, 26, 49, 39, 55, 10, 50, 47, 53, 25, 34, 40, 42, 11, 33, 28, 29, 30, 20, 19, 17, 16, 0]
179;361;[0, 18, 27, 54, 41, 52, 51, 22, 21, 14, 15, 13, 12, 7, 8, 6, 9, 32, 31, 57, 35, 36, 37, 58, 56, 4, 3, 1, 2, 5, 24, 23, 44, 46, 45, 38, 43, 48, 26, 49, 39, 55, 10, 50, 47, 53, 25, 34, 40, 42, 11, 33, 28, 29, 30, 20, 19, 17, 16, 0]
180;362;[0, 18, 27, 54, 41, 52, 51, 22, 21, 14, 15, 13, 12, 7, 8, 6, 9, 32, 31, 57, 35, 36, 37, 58, 56, 4, 3, 5, 2, 1, 23, 24, 44, 46, 45, 38, 43, 48, 26, 49, 39, 55, 10, 50, 47, 53, 25, 34, 40, 42, 11, 33, 28, 29, 30, 20, 19, 17, 16, 0]
181;360;[0, 18, 27, 54, 41, 52, 51, 22, 21, 14, 15, 13, 12, 7, 8, 6, 9, 31, 32, 57, 35, 36, 37, 58, 56, 4, 3, 1, 2, 5, 24, 23, 45, 46, 44, 38, 43, 48, 26, 49, 39, 55, 10, 50, 47, 53, 25, 34, 40, 42, 11, 33, 28, 29, 30, 20, 19, 17, 16, 0]
182;360;[0, 18, 27, 54, 41, 52, 51, 22, 21, 14, 15, 13, 12, 7, 8, 6, 9, 32, 31, 57, 35, 36, 37, 58, 56, 4, 3, 1, 2, 5, 24, 23, 45, 46, 44, 30, 29, 28, 38, 43, 48, 26, 49, 39, 55, 10, 50, 47, 53, 25, 34, 40, 42, 11, 33, 20, 19, 17, 16, 0]
183;365;[0, 18, 27, 54, 41, 52, 51, 22, 21, 14, 15, 13, 12, 7, 8, 6, 9, 32, 31, 57, 35, 36, 37, 58, 56, 4, 3, 1, 2, 5, 24, 23, 45, 44, 30, 29, 28, 46, 38, 43, 48, 26, 49, 39, 55, 10, 50, 47, 53, 25, 34, 40, 42, 11, 33, 20, 19, 17, 16, 0]
184;360;[0, 18, 27, 54, 41, 52, 51, 22, 21, 14, 15, 13, 12, 7, 8, 6, 9, 32, 31, 57, 35, 36, 37, 58, 56, 4, 3, 1, 2, 5, 24, 23, 45, 46, 44, 38, 43, 48, 26, 49, 39, 55, 10, 50, 47, 53, 25, 34, 40, 42, 11, 33, 28, 29, 30, 20, 19, 17, 16, 0]
185;362;[0, 18, 27, 54, 41, 52, 51, 22, 21, 14, 15, 13, 12, 7, 8, 6, 9, 31, 32, 57, 35, 36, 37, 58, 56, 4, 2, 5, 3, 1, 23, 24, 44, 46, 45, 38, 43, 48, 26, 49, 39, 55, 10, 50, 47, 53, 25, 34, 40, 42, 11, 33, 28, 29, 30, 20, 19, 17, 16, 0]
186;362;[0, 18, 27, 54, 41, 52, 51, 22, 21, 14, 15, 13, 12, 7, 8, 6, 9, 32, 31, 57, 35, 36, 37, 58, 56, 4, 3, 1, 2, 5, 24, 23, 44, 46, 45, 38, 43, 48, 26, 49, 39, 55, 10, 50, 47, 53, 25, 34, 40, 42, 11, 33, 29, 30, 28, 20, 19, 17, 16, 0]
187;361;[0, 18, 27, 54, 41, 52, 51, 22, 21, 14, 15, 13, 12, 7, 8, 6, 9, 32, 31, 57, 37, 35, 36, 58, 56, 4, 3, 1, 2, 5, 24, 23, 45, 46, 44, 38, 43, 48, 26, 49, 39, 55, 10, 50, 47, 53, 25, 34, 40, 42, 11, 33, 28, 29, 30, 20, 19, 17, 16, 0]
188;360;[0, 18, 27, 54, 41, 52, 51, 22, 21, 14, 15, 13, 12, 7, 8, 6, 9, 32, 31, 57, 35, 36, 37, 58, 56, 4, 3, 1, 2, 5, 24, 23, 45, 46, 44, 30, 29, 28, 38, 43, 48, 26, 49, 39, 55, 10, 50, 47, 53, 25, 34, 40, 42, 11, 33, 20, 19, 17, 16, 0]
189;360;[0, 18, 27, 54, 41, 52, 51, 22, 21, 14, 15, 13, 12, 7, 8, 6, 9, 32, 31, 57, 35, 36, 37, 58, 56, 4, 3, 1, 2, 5, 24, 23, 45, 46, 44, 38, 43, 48, 26, 49, 39, 55, 10, 50, 47, 53, 25, 34, 40, 42, 11, 33, 28, 29, 30, 20, 19, 17, 16, 0]
190;365;[0, 18, 27, 54, 41, 52, 51, 22, 21, 14, 15, 13, 12, 7, 8, 6, 9, 32, 31, 57, 35, 36, 37, 58, 56, 4, 3, 1, 2, 5, 24, 23, 30, 28, 29, 44, 46, 45, 38, 43, 48, 26, 49, 39, 55, 10, 50, 47, 53, 25, 34, 40, 42, 11, 33, 20, 19, 17, 16, 0]
191;382;[0, 18, 37, 36, 35, 57, 31, 32, 9, 6, 8, 7, 14, 21, 22, 51, 52, 41, 54, 27, 15, 12, 13, 58, 56, 4, 3, 1, 2, 5, 24, 23, 44, 46, 45, 38, 43, 48, 26, 49, 39, 55, 10, 50, 47, 53, 25, 34, 40, 42, 11, 33, 28, 29, 30, 20, 19, 17, 16, 0]
192;362;[0, 18, 27, 54, 41, 52, 51, 22, 21, 14, 15, 13, 12, 7, 8, 6, 9, 32, 31, 57, 35, 36, 37, 58, 56, 4, 3, 5, 2, 1, 23, 24, 44, 46, 45, 38, 43, 48, 26, 49, 39, 55, 10, 50, 47, 53, 25, 34, 40, 42, 11, 33, 28, 29, 30, 20, 19, 17, 16, 0]
193;362;[0, 18, 27, 54, 41, 52, 51, 22, 21, 14, 15, 13, 12, 7, 8, 6, 9, 32, 31, 37, 36, 35, 57, 58, 56, 4, 3, 1, 2, 5, 24, 23, 44, 46, 45, 38, 43, 48, 26, 49, 39, 55, 10, 50, 47, 53, 25, 34, 40, 42, 11, 33, 28, 29, 30, 20, 19, 17, 16, 0]
194;384;[0, 18, 17, 16, 1, 3, 4, 56, 58, 37, 36, 35, 57, 31, 32, 7, 14, 21, 22, 51, 52, 41, 54, 27, 15, 12, 13, 8, 6, 9, 2, 5, 24, 23, 45, 46, 44, 38, 43, 48, 26, 49, 39, 55, 10, 50, 47, 53, 25, 34, 40, 42, 11, 33, 28, 29, 30, 20, 19, 0]
195;361;[0, 18, 27, 54, 41, 52, 51, 22, 21, 14, 15, 13, 12, 7, 8, 6, 9, 32, 31, 37, 35, 36, 57, 56, 58, 4, 3, 1, 2, 5, 24, 23, 46, 44, 45, 38, 43, 48, 26, 49, 39, 55, 10, 50, 47, 53, 25, 34, 40, 42, 11, 33, 28, 29, 30, 20, 19, 17, 16, 0]
196;360;[0, 18, 27, 54, 41, 52, 51, 22, 21, 14, 15, 13, 12, 7, 8, 6, 9, 32, 31, 57, 35, 36, 37, 58, 56, 4, 3, 1, 2, 5, 24, 23, 46, 44, 45, 38, 43, 48, 26, 49, 39, 55, 10, 50, 47, 53, 25, 34, 40, 42, 11, 33, 28, 29, 30, 20, 19, 17, 16, 0]
197;363;[0, 18, 27, 54, 41, 52, 51, 22, 21, 14, 15, 13, 12, 7, 8, 6, 9, 32, 31, 57, 37, 35, 36, 58, 56, 4, 5, 2, 3, 1, 23, 24, 45, 44, 46, 38, 43, 48, 26, 49, 39, 55, 10, 50, 47, 53, 25, 34, 40, 42, 11, 33, 28, 29, 30, 20, 19, 17, 16, 0]
198;393;[0, 18, 1, 3, 4, 56, 58, 37, 36, 35, 57, 31, 32, 14, 21, 22, 51, 52, 41, 54, 27, 15, 13, 12, 7, 8, 6, 9, 2, 5, 24, 23, 45, 46, 44, 38, 43, 48, 26, 49, 39, 55, 10, 50, 47, 33, 53, 25, 11, 42, 40, 34, 28, 29, 30, 20, 19, 17, 16, 0]
199;361;[0, 18, 27, 54, 41, 52, 51, 22, 21, 14, 15, 13, 12, 7, 8, 6, 9, 32, 31, 57, 35, 36, 37, 58, 56, 4, 3, 1, 2, 5, 24, 23, 44, 46, 45, 38, 43, 48, 26, 49, 39, 55, 10, 50, 47, 53, 25, 34, 40, 42, 11, 33, 28, 29, 30, 20, 19, 17, 16, 0]
200;360;[0, 18, 27, 54, 41, 52, 51, 22, 21, 14, 15, 13, 12, 7, 8, 6, 9, 32, 31, 57, 35, 36, 37, 58, 56, 4, 3, 1, 2, 5, 24, 23, 45, 46, 44, 38, 43, 48, 26, 49, 39, 55, 10, 50, 47, 53, 25, 34, 40, 42, 11, 33, 28, 29, 30, 20, 19, 17, 16, 0]
201;360;[0, 18, 27, 54, 41, 52, 51, 22, 21, 14, 15, 13, 12, 7, 8, 6, 9, 32, 31, 57, 35, 36, 37, 58, 56, 4, 3, 1, 2, 5, 24, 23, 45, 46, 44, 38, 43, 48, 26, 49, 39, 55, 10, 50, 47, 53, 25, 34, 40, 42, 11, 33, 28, 29, 30, 20, 19, 17, 16, 0]
202;364;[0, 18, 27, 54, 41, 52, 51, 22, 21, 14, 15, 13, 12, 7, 8, 6, 9, 32, 31, 57, 35, 36, 37, 58, 56, 4, 3, 1, 2, 5, 24, 23, 38, 43, 48, 26, 49, 39, 55, 10, 50, 47, 53, 25, 34, 40, 42, 11, 33, 28, 29, 30, 44, 46, 45, 16, 17, 20, 19, 0]
203;366;[0, 18, 27, 54, 41, 52, 51, 22, 21, 14, 15, 13, 12, 7, 8, 6, 9, 32, 31, 57, 35, 36, 37, 58, 56, 4, 5, 2, 3, 1, 23, 24, 44, 46, 45, 38, 43, 48, 26, 49, 39, 55, 10, 50, 47, 25, 34, 40, 42, 11, 53, 33, 28, 29, 30, 20, 19, 17, 16, 0]
204;369;[0, 18, 27, 54, 41, 52, 51, 22, 21, 14, 15, 13, 12, 7, 8, 6, 9, 32, 31, 57, 35, 36, 37, 58, 56, 4, 3, 1, 2, 5, 24, 23, 45, 46, 44, 30, 29, 28, 38, 43, 48, 26, 49, 39, 55, 10, 50, 47, 33, 53, 25, 11, 42, 40, 34, 20, 17, 16, 19, 0]
205;369;[0, 18, 27, 54, 41, 52, 51, 22, 21, 14, 15, 13, 12, 7, 8, 6, 9, 32, 31, 57, 35, 36, 37, 58, 56, 4, 2, 5, 3, 1, 23, 24, 45, 46, 44, 30, 29, 28, 48, 38, 43, 26, 49, 39, 55, 10, 50, 47, 33, 53, 25, 11, 42, 40, 34, 20, 19, 17, 16, 0]
206;361;[0, 18, 27, 54, 41, 52, 51, 22, 21, 14, 15, 13, 12, 7, 8, 6, 9, 32, 31, 57, 35, 36, 37, 58, 56, 4, 3, 1, 2, 5, 24, 23, 45, 44, 46, 38, 43, 48, 26, 49, 39, 55, 10, 50, 47, 53, 25, 34, 40, 42, 11, 33, 28, 29, 30, 20, 19, 17, 16, 0]
207;361;[0, 18, 27, 54, 41, 52, 51, 22, 21, 14, 15, 13, 12, 7, 8, 6, 9, 31, 32, 37, 36, 35, 57, 58, 56, 4, 3, 1, 2, 5, 24, 23, 46, 44, 45, 38, 43, 48, 26, 49, 39, 55, 10, 50, 47, 53, 25, 34, 40, 42, 11, 33, 28, 29, 30, 20, 19, 17, 16, 0]
208;360;[0, 18, 27, 54, 41, 52, 51, 22, 21, 14, 15, 13, 12, 7, 8, 6, 9, 32, 31, 57, 35, 36, 37, 58, 56, 4, 3, 1, 2, 5, 24, 23, 45, 46, 44, 38, 43, 48, 26, 49, 39, 55, 10, 50, 47, 53, 25, 34, 40, 42, 11, 33, 28, 29, 30, 20, 19, 17, 16, 0]
209;360;[0, 18, 27, 54, 41, 52, 51, 22, 21, 14, 15, 13, 12, 7, 8, 6, 9, 32, 31, 57, 35, 36, 37, 58, 56, 4, 3, 1, 2, 5, 24, 23, 45, 46, 44, 38, 43, 48, 26, 49, 39, 55, 10, 50, 47, 53, 25, 34, 40, 42, 11, 33, 28, 29, 30, 20, 19, 17, 16, 0]
210;361;[0, 18, 27, 54, 41, 52, 51, 22, 21, 14, 15, 13, 12, 7, 8, 6, 9, 31, 32, 57, 37, 35, 36, 58, 56, 4, 3, 1, 2, 5, 24, 23, 45, 46, 44, 38, 43, 48, 26, 49, 39, 55, 10, 50, 47, 53, 25, 34, 40, 42, 11, 33, 28, 29, 30, 20, 19, 17, 16, 0]
211;382;[0, 18, 37, 35, 36, 31, 32, 9, 8, 7, 12, 13, 14, 21, 22, 51, 52, 41, 54, 27, 15, 6, 57, 58, 56, 4, 3, 1, 2, 5, 24, 23, 45, 46, 44, 38, 43, 48, 26, 49, 39, 55, 10, 50, 47, 53, 25, 34, 40, 42, 11, 33, 28, 29, 30, 16, 17, 20, 19, 0]
212;361;[0, 18, 27, 54, 41, 52, 51, 22, 21, 14, 15, 13, 12, 7, 8, 6, 9, 32, 31, 57, 35, 36, 37, 58, 56, 4, 3, 1, 2, 5, 24, 23, 45, 46, 44, 38, 43, 48, 26, 49, 39, 55, 10, 50, 47, 53, 25, 34, 40, 42, 11, 33, 28, 29, 30, 16, 17, 20, 19, 0]
213;364;[0, 18, 27, 54, 41, 52, 51, 22, 21, 14, 15, 13, 12, 7, 8, 6, 9, 32, 31, 57, 35, 36, 37, 58, 56, 4, 3, 1, 2, 5, 24, 23, 45, 46, 44, 38, 43, 48, 26, 49, 39, 55, 10, 50, 47, 25, 34, 40, 42, 11, 53, 33, 28, 29, 30, 20, 19, 17, 16, 0]
214;361;[0, 18, 27, 54, 41, 52, 51, 22, 21, 14, 15, 13, 12, 7, 8, 6, 9, 32, 31, 37, 36, 35, 57, 58, 56, 4, 2, 1, 3, 5, 24, 23, 45, 46, 44, 38, 43, 48, 26, 49, 39, 55, 10, 50, 47, 53, 25, 34, 40, 42, 11, 33, 28, 29, 30, 20, 19, 17, 16, 0]
215;361;[0, 18, 27, 54, 41, 52, 51, 22, 21, 14, 15, 13, 12, 7, 8, 6, 9, 32, 31, 57, 35, 36, 37, 58, 56, 4, 3, 1, 2, 5, 24, 23, 44, 46, 45, 38, 43, 48, 26, 49, 39, 55, 10, 50, 47, 53, 25, 34, 40, 42, 11, 33, 28, 29, 30, 20, 19, 17, 16, 0]
216;361;[0, 18, 27, 54, 41, 52, 51, 22, 21, 14, 15, 13, 12, 7, 8, 6, 9, 32, 31, 57, 37, 35, 36, 58, 56, 4, 3, 1, 2, 5, 24, 23, 45, 46, 44, 38, 43, 48, 26, 49, 39, 55, 10, 50, 47, 53, 25, 34, 40, 42, 11, 33, 28, 29, 30, 20, 19, 17, 16, 0]
217;380;[0, 18, 17, 16, 37, 36, 35, 57, 31, 32, 9, 6, 8, 15, 27, 54, 41, 52, 51, 22, 21, 14, 13, 12, 7, 58, 56, 4, 3, 1, 2, 5, 24, 23, 45, 46, 44, 30, 29, 28, 38, 43, 48, 26, 49, 39, 55, 10, 50, 47, 53, 25, 34, 40, 42, 11, 33, 20, 19, 0]
218;381;[0, 18, 27, 54, 41, 52, 51, 22, 21, 14, 15, 13, 12, 7, 8, 6, 9, 32, 31, 57, 35, 36, 37, 58, 56, 4, 3, 1, 2, 5, 24, 23, 45, 46, 44, 38, 43, 48, 26, 49, 55, 50, 53, 25, 34, 40, 42, 11, 33, 47, 10, 39, 28, 29, 30, 20, 19, 17, 16, 0]
219;360;[0, 18, 27, 54, 41, 52, 51, 22, 21, 14, 15, 13, 12, 7, 8, 6, 9, 32, 31, 57, 35, 36, 37, 58, 56, 4, 3, 1, 2, 5, 24, 23, 45, 46, 44, 30, 29, 28, 38, 43, 48, 26, 49, 39, 55, 10, 50, 47, 53, 25, 34, 40, 42, 11, 33, 20, 19, 17, 16, 0]
220;360;[0, 18, 27, 54, 41, 52, 51, 22, 21, 14, 15, 13, 12, 7, 8, 6, 9, 32, 31, 57, 35, 36, 37, 58, 56, 4, 3, 1, 2, 5, 24, 23, 45, 46, 44, 38, 43, 48, 26, 49, 39, 55, 10, 50, 47, 53, 25, 34, 40, 42, 11, 33, 28, 29, 30, 20, 19, 17, 16, 0]
221;385;[0, 18, 1, 2, 3, 56, 58, 37, 36, 35, 57, 31, 15, 27, 54, 41, 52, 51, 22, 21, 14, 13, 12, 7, 8, 6, 9, 32, 4, 5, 24, 23, 45, 46, 44, 38, 43, 48, 26, 49, 39, 55, 10, 50, 47, 53, 25, 34, 40, 42, 11, 33, 28, 29, 30, 20, 19, 17, 16, 0]
222;360;[0, 18, 27, 54, 41, 52, 51, 22, 21, 14, 15, 13, 12, 7, 8, 6, 9, 32, 31, 57, 35, 36, 37, 58, 56, 4, 3, 1, 2, 5, 24, 23, 45, 46, 44, 38, 43, 48, 26, 49, 39, 55, 10, 50, 47, 53, 25, 34, 40, 42, 11, 33, 28, 29, 30, 20, 19, 17, 16, 0]
223;360;[0, 18, 27, 54, 41, 52, 51, 22, 21, 14, 15, 13, 12, 7, 8, 6, 9, 32, 31, 57, 35, 36, 37, 58, 56, 4, 3, 1, 2, 5, 24, 23, 45, 46, 44, 38, 43, 48, 26, 49, 39, 55, 10, 50, 47, 53, 25, 34, 40, 42, 11, 33, 28, 29, 30, 20, 19, 17, 16, 0]
224;362;[0, 18, 27, 54, 41, 52, 51, 22, 21, 14, 15, 13, 12, 7, 8, 6, 9, 32, 31, 37, 36, 35, 57, 58, 56, 4, 2, 5, 3, 1, 23, 24, 45, 46, 44, 38, 43, 48, 26, 49, 39, 55, 10, 50, 47, 53, 25, 34, 40, 42, 11, 33, 28, 29, 30, 20, 19, 17, 16, 0]
225;361;[0, 18, 17, 16, 27, 54, 41, 52, 51, 22, 21, 14, 15, 13, 12, 7, 8, 6, 9, 32, 31, 57, 35, 36, 37, 58, 56, 4, 3, 1, 2, 5, 24, 23, 45, 46, 44, 30, 29, 28, 48, 43, 38, 26, 49, 39, 55, 10, 50, 47, 53, 25, 34, 40, 42, 11, 33, 20, 19, 0]
226;383;[0, 18, 37, 36, 35, 57, 31, 32, 21, 22, 51, 52, 41, 54, 27, 14, 15, 13, 12, 7, 8, 6, 9, 58, 56, 4, 5, 2, 3, 1, 23, 24, 45, 46, 44, 38, 43, 48, 26, 49, 39, 55, 10, 50, 47, 53, 25, 34, 40, 42, 11, 33, 28, 29, 30, 20, 19, 17, 16, 0]
227;362;[0, 18, 27, 54, 41, 52, 51, 22, 21, 14, 15, 13, 12, 7, 8, 6, 9, 32, 31, 57, 37, 35, 36, 56, 58, 4, 3, 5, 2, 1, 23, 24, 45, 46, 44, 30, 29, 28, 38, 43, 48, 26, 49, 39, 55, 10, 50, 47, 53, 25, 34, 40, 42, 11, 33, 20, 19, 17, 16, 0]
228;370;[0, 18, 27, 54, 41, 52, 51, 22, 21, 14, 15, 13, 12, 7, 8, 6, 9, 32, 31, 57, 35, 36, 37, 58, 56, 4, 3, 1, 2, 5, 24, 23, 45, 46, 44, 38, 43, 48, 26, 49, 55, 10, 50, 47, 53, 25, 34, 40, 42, 11, 33, 39, 28, 29, 30, 20, 19, 17, 16, 0]
229;387;[0, 18, 17, 16, 37, 36, 35, 57, 31, 32, 9, 6, 13, 12, 15, 27, 54, 41, 52, 51, 22, 21, 14, 7, 8, 58, 56, 4, 3, 1, 2, 5, 24, 23, 25, 34, 40, 42, 11, 53, 33, 47, 50, 10, 55, 39, 49, 26, 48, 43, 38, 45, 46, 44, 30, 29, 28, 20, 19, 0]
230;360;[0, 18, 27, 54, 41, 52, 51, 22, 21, 14, 15, 13, 12, 7, 8, 6, 9, 32, 31, 57, 35, 36, 37, 58, 56, 4, 3, 1, 2, 5, 24, 23, 45, 46, 44, 30, 29, 28, 38, 43, 48, 26, 49, 39, 55, 10, 50, 47, 53, 25, 34, 40, 42, 11, 33, 20, 19, 17, 16, 0]
231;364;[0, 18, 27, 54, 41, 52, 51, 22, 21, 14, 15, 13, 12, 7, 8, 6, 9, 32, 31, 57, 35, 36, 37, 58, 56, 4, 3, 1, 2, 5, 24, 23, 38, 43, 48, 26, 49, 39, 55, 10, 50, 47, 53, 25, 34, 40, 42, 11, 33, 28, 29, 30, 44, 46, 45, 16, 17, 20, 19, 0]
232;361;[0, 18, 27, 54, 41, 52, 51, 22, 21, 14, 15, 13, 12, 7, 8, 6, 9, 32, 31, 57, 35, 36, 37, 58, 56, 4, 3, 1, 2, 5, 24, 23, 44, 46, 45, 38, 43, 48, 26, 49, 39, 55, 10, 50, 47, 53, 25, 34, 40, 42, 11, 33, 28, 29, 30, 20, 19, 17, 16, 0]
233;361;[0, 18, 27, 54, 41, 52, 51, 22, 21, 14, 15, 13, 12, 7, 8, 6, 9, 32, 31, 57, 35, 36, 37, 58, 56, 4, 3, 1, 2, 5, 24, 23, 45, 46, 44, 38, 43, 48, 26, 49, 39, 55, 10, 50, 47, 53, 25, 34, 40, 42, 11, 33, 28, 29, 30, 16, 17, 20, 19, 0]
234;365;[0, 18, 27, 54, 41, 52, 51, 22, 21, 14, 15, 13, 12, 7, 8, 6, 9, 32, 31, 57, 35, 36, 37, 58, 56, 4, 3, 5, 2, 1, 23, 24, 38, 43, 48, 26, 49, 39, 55, 10, 50, 47, 53, 25, 34, 40, 42, 11, 33, 28, 29, 44, 46, 45, 30, 20, 19, 17, 16, 0]
235;361;[0, 18, 27, 54, 41, 52, 51, 22, 21, 14, 15, 13, 12, 7, 8, 6, 9, 32, 31, 57, 35, 36, 37, 58, 56, 4, 3, 5, 2, 1, 23, 24, 45, 46, 44, 38, 43, 48, 26, 49, 39, 55, 10, 50, 47, 53, 25, 34, 40, 42, 11, 33, 28, 29, 30, 20, 19, 17, 16, 0]
236;360;[0, 18, 27, 54, 41, 52, 51, 22, 21, 14, 15, 13, 12, 7, 8, 6, 9, 32, 31, 57, 35, 36, 37, 58, 56, 4, 3, 1, 2, 5, 24, 23, 45, 46, 44, 30, 29, 28, 38, 43, 48, 26, 49, 39, 55, 10, 50, 47, 53, 25, 34, 40, 42, 11, 33, 20, 19, 17, 16, 0]
237;360;[0, 18, 27, 54, 41, 52, 51, 22, 21, 14, 15, 13, 12, 7, 8, 6, 9, 32, 31, 57, 35, 36, 37, 58, 56, 4, 3, 1, 2, 5, 24, 23, 45, 46, 44, 38, 43, 48, 26, 49, 39, 55, 10, 50, 47, 53, 25, 34, 40, 42, 11, 33, 28, 29, 30, 20, 19, 17, 16, 0]
238;367;[0, 18, 16, 17, 19, 20, 33, 11, 42, 40, 34, 25, 53, 47, 50, 10, 55, 39, 49, 26, 48, 43, 38, 23, 24, 51, 52, 41, 54, 27, 22, 21, 14, 15, 13, 12, 7, 8, 6, 9, 32, 31, 37, 36, 35, 57, 58, 56, 4, 2, 5, 3, 1, 45, 46, 44, 30, 29, 28, 0]
239;362;[0, 18, 27, 54, 41, 52, 51, 22, 21, 14, 15, 13, 12, 7, 8, 6, 9, 32, 31, 57, 35, 36, 37, 58, 56, 4, 3, 5, 2, 1, 23, 24, 44, 46, 45, 38, 43, 48, 26, 49, 39, 55, 10, 50, 47, 53, 25, 34, 40, 42, 11, 33, 28, 29, 30, 20, 19, 17, 16, 0]
240;360;[0, 18, 27, 54, 41, 52, 51, 22, 21, 14, 15, 13, 12, 7, 8, 6, 9, 32, 31, 57, 35, 36, 37, 58, 56, 4, 3, 1, 2, 5, 24, 23, 45, 46, 44, 38, 43, 48, 26, 49, 39, 55, 10, 50, 47, 53, 25, 34, 40, 42, 11, 33, 28, 29, 30, 20, 19, 17, 16, 0]
241;362;[0, 18, 27, 54, 41, 52, 51, 22, 21, 14, 15, 13, 12, 7, 8, 6, 9, 32, 31, 57, 35, 36, 37, 58, 56, 4, 3, 5, 2, 1, 23, 24, 44, 46, 45, 38, 43, 48, 26, 49, 39, 55, 10, 50, 47, 53, 25, 34, 40, 42, 11, 33, 28, 29, 30, 20, 19, 17, 16, 0]
242;360;[0, 18, 27, 54, 41, 52, 51, 22, 21, 14, 15, 13, 12, 7, 8, 6, 9, 32, 31, 57, 35, 36, 37, 58, 56, 4, 3, 1, 2, 5, 24, 23, 45, 46, 44, 38, 43, 48, 26, 49, 39, 55, 10, 50, 47, 53, 25, 34, 40, 42, 11, 33, 28, 29, 30, 20, 19, 17, 16, 0]
243;369;[0, 18, 27, 54, 41, 52, 51, 22, 21, 14, 15, 13, 12, 7, 8, 6, 9, 32, 31, 37, 36, 35, 57, 58, 56, 4, 3, 1, 2, 5, 24, 23, 44, 46, 45, 38, 43, 48, 26, 49, 39, 55, 10, 50, 47, 33, 53, 25, 11, 42, 40, 34, 28, 29, 30, 20, 19, 17, 16, 0]
244;367;[0, 18, 27, 54, 41, 52, 51, 22, 21, 14, 15, 13, 12, 7, 8, 6, 9, 32, 31, 57, 35, 36, 37, 58, 56, 4, 3, 1, 2, 5, 24, 23, 45, 46, 44, 38, 43, 48, 26, 49, 39, 55, 10, 50, 47, 33, 53, 25, 11, 42, 40, 34, 28, 29, 30, 20, 19, 17, 16, 0]
245;361;[0, 18, 27, 54, 41, 52, 51, 22, 21, 14, 15, 13, 12, 7, 8, 6, 9, 32, 31, 37, 35, 36, 57, 56, 58, 4, 3, 1, 2, 5, 24, 23, 45, 46, 44, 38, 43, 48, 26, 49, 39, 55, 10, 50, 47, 53, 25, 34, 40, 42, 11, 33, 28, 29, 30, 20, 19, 17, 16, 0]
246;360;[0, 18, 27, 54, 41, 52, 51, 22, 21, 14, 15, 13, 12, 7, 8, 6, 9, 32, 31, 57, 35, 36, 37, 58, 56, 4, 2, 1, 3, 5, 24, 23, 45, 46, 44, 38, 43, 48, 26, 49, 39, 55, 10, 50, 47, 53, 25, 34, 40, 42, 11, 33, 28, 29, 30, 20, 19, 17, 16, 0]
247;361;[0, 18, 27, 54, 41, 52, 51, 22, 21, 14, 15, 13, 12, 7, 8, 6, 9, 32, 31, 57, 35, 36, 37, 58, 56, 4, 3, 1, 2, 5, 24, 23, 44, 46, 45, 38, 43, 48, 26, 49, 39, 55, 10, 50, 47, 53, 25, 34, 40, 42, 11, 33, 28, 29, 30, 20, 19, 17, 16, 0]
248;369;[0, 18, 27, 54, 41, 52, 51, 22, 21, 14, 15, 13, 12, 7, 8, 6, 9, 32, 31, 57, 35, 36, 37, 58, 56, 4, 3, 1, 2, 5, 24, 23, 45, 46, 44, 30, 29, 28, 38, 43, 48, 26, 49, 39, 55, 10, 50, 47, 33, 11, 53, 25, 42, 40, 34, 20, 19, 17, 16, 0]
249;377;[0, 18, 27, 54, 41, 52, 51, 22, 21, 14, 15, 13, 12, 7, 8, 6, 9, 31, 32, 57, 37, 35, 36, 56, 58, 4, 3, 1, 2, 5, 24, 23, 45, 46, 44, 30, 29, 28, 38, 43, 48, 26, 49, 39, 55, 10, 50, 47, 33, 11, 53, 25, 34, 42, 40, 20, 19, 17, 16, 0]
250;365;[0, 18, 17, 16, 19, 20, 44, 46, 45, 30, 29, 28, 33, 11, 42, 40, 34, 25, 53, 47, 50, 10, 55, 39, 49, 26, 48, 43, 38, 24, 23, 5, 2, 1, 3, 4, 56, 58, 37, 36, 35, 57, 31, 32, 9, 6, 8, 7, 12, 13, 15, 14, 21, 22, 51, 52, 41, 54, 27, 0]
251;360;[0, 18, 27, 54, 41, 52, 51, 22, 21, 14, 15, 13, 12, 7, 8, 6, 9, 32, 31, 57, 35, 36, 37, 58, 56, 4, 3, 1, 2, 5, 24, 23, 45, 46, 44, 38, 43, 48, 26, 49, 39, 55, 10, 50, 47, 53, 25, 34, 40, 42, 11, 33, 28, 29, 30, 20, 19, 17, 16, 0]
252;382;[0, 18, 37, 36, 35, 57, 31, 9, 6, 8, 15, 14, 21, 22, 51, 52, 41, 54, 27, 13, 12, 7, 32, 58, 56, 4, 3, 1, 2, 5, 24, 23, 44, 46, 45, 38, 43, 48, 26, 49, 39, 55, 10, 50, 47, 53, 25, 34, 40, 42, 11, 33, 28, 29, 30, 20, 19, 17, 16, 0]
253;361;[0, 18, 27, 54, 41, 52, 51, 22, 21, 14, 15, 13, 12, 7, 8, 6, 9, 32, 31, 57, 37, 35, 36, 56, 58, 4, 3, 1, 2, 5, 24, 23, 45, 46, 44, 30, 29, 28, 38, 43, 48, 26, 49, 39, 55, 10, 50, 47, 53, 25, 34, 40, 42, 11, 33, 20, 19, 17, 16, 0]
254;360;[0, 18, 27, 54, 41, 52, 51, 22, 21, 14, 15, 13, 12, 7, 8, 6, 9, 32, 31, 57, 35, 36, 37, 58, 56, 4, 3, 1, 2, 5, 24, 23, 45, 46, 44, 38, 43, 48, 26, 49, 39, 55, 10, 50, 47, 53, 25, 34, 40, 42, 11, 33, 28, 29, 30, 20, 19, 17, 16, 0]
255;360;[0, 18, 27, 54, 41, 52, 51, 22, 21, 14, 15, 13, 12, 7, 8, 6, 9, 32, 31, 57, 35, 36, 37, 58, 56, 4, 3, 1, 2, 5, 24, 23, 45, 46, 44, 38, 43, 48, 26, 49, 39, 55, 10, 50, 47, 53, 25, 34, 40, 42, 11, 33, 28, 29, 30, 20, 19, 17, 16, 0]
256;362;[0, 18, 17, 16, 27, 54, 41, 52, 51, 22, 21, 14, 15, 13, 12, 7, 8, 6, 9, 32, 31, 57, 35, 36, 37, 58, 56, 4, 5, 3, 2, 1, 24, 23, 45, 46, 44, 38, 43, 48, 26, 49, 39, 55, 10, 50, 47, 53, 25, 34, 40, 42, 11, 33, 28, 29, 30, 20, 19, 0]
257;360;[0, 18, 27, 54, 41, 52, 51, 22, 21, 14, 15, 13, 12, 7, 8, 6, 9, 32, 31, 57, 35, 36, 37, 58, 56, 4, 3, 1, 2, 5, 24, 23, 45, 46, 44, 38, 43, 48, 26, 49, 39, 55, 10, 50, 47, 53, 25, 34, 40, 42, 11, 33, 28, 29, 30, 20, 19, 17, 16, 0]
258;361;[0, 18, 27, 54, 41, 52, 51, 22, 21, 14, 15, 13, 12, 7, 8, 6, 9, 32, 31, 37, 36, 35, 57, 58, 56, 4, 2, 1, 3, 5, 24, 23, 45, 46, 44, 30, 29, 28, 43, 38, 48, 26, 49, 39, 55, 10, 50, 47, 53, 25, 34, 40, 42, 11, 33, 20, 19, 17, 16, 0]
259;362;[0, 18, 27, 54, 41, 52, 51, 22, 21, 14, 15, 13, 12, 7, 8, 6, 9, 32, 31, 57, 35, 36, 37, 58, 56, 4, 5, 2, 3, 1, 24, 23, 45, 46, 44, 38, 43, 48, 26, 49, 39, 55, 10, 50, 47, 53, 25, 34, 40, 42, 11, 33, 28, 29, 30, 16, 17, 20, 19, 0]
260;360;[0, 18, 27, 54, 41, 52, 51, 22, 21, 14, 15, 13, 12, 7, 8, 6, 9, 32, 31, 57, 35, 36, 37, 58, 56, 4, 3, 1, 2, 5, 24, 23, 45, 46, 44, 38, 43, 48, 26, 49, 39, 55, 10, 50, 47, 53, 25, 34, 40, 42, 11, 33, 28, 29, 30, 20, 19, 17, 16, 0]
261;361;[0, 18, 27, 54, 41, 52, 51, 22, 21, 14, 15, 13, 12, 7, 8, 6, 9, 32, 31, 57, 35, 36, 37, 58, 56, 4, 3, 1, 2, 5, 24, 23, 45, 44, 46, 38, 43, 48, 26, 49, 39, 55, 10, 50, 47, 53, 25, 34, 40, 42, 11, 33, 28, 29, 30, 20, 19, 17, 16, 0]
262;360;[0, 18, 27, 54, 41, 52, 51, 22, 21, 14, 15, 13, 12, 7, 8, 6, 9, 32, 31, 57, 35, 36, 37, 58, 56, 4, 3, 1, 2, 5, 24, 23, 45, 46, 44, 38, 43, 48, 26, 49, 39, 55, 10, 50, 47, 53, 25, 34, 40, 42, 11, 33, 28, 29, 30, 20, 19, 17, 16, 0]
263;369;[0, 18, 54, 41, 27, 51, 52, 22, 21, 14, 15, 13, 12, 7, 8, 6, 9, 32, 31, 57, 35, 36, 37, 58, 56, 4, 3, 5, 2, 1, 23, 24, 38, 43, 48, 26, 49, 39, 55, 10, 50, 47, 53, 25, 34, 40, 42, 11, 33, 28, 29, 44, 46, 45, 30, 20, 19, 17, 16, 0]
264;362;[0, 18, 27, 54, 41, 52, 51, 22, 21, 14, 15, 13, 12, 7, 8, 6, 9, 32, 31, 37, 36, 35, 57, 58, 56, 4, 2, 1, 3, 5, 24, 23, 45, 44, 46, 38, 43, 48, 26, 49, 39, 55, 10, 50, 47, 53, 25, 34, 40, 42, 11, 33, 28, 29, 30, 20, 19, 17, 16, 0]
265;365;[0, 18, 54, 41, 27, 51, 52, 22, 21, 14, 15, 13, 12, 7, 8, 6, 9, 32, 31, 37, 36, 35, 57, 56, 58, 4, 3, 1, 2, 5, 24, 23, 45, 46, 44, 38, 43, 48, 26, 49, 39, 55, 10, 50, 47, 53, 25, 34, 40, 42, 11, 33, 28, 29, 30, 20, 19, 17, 16, 0]
266;362;[0, 18, 27, 54, 41, 52, 51, 22, 21, 14, 15, 13, 12, 7, 8, 6, 9, 32, 31, 37, 35, 36, 57, 56, 58, 4, 3, 1, 2, 5, 24, 23, 44, 46, 45, 38, 43, 48, 26, 49, 39, 55, 10, 50, 47, 53, 25, 34, 40, 42, 11, 33, 28, 29, 30, 20, 19, 17, 16, 0]
267;361;[0, 18, 27, 54, 41, 52, 51, 22, 21, 14, 15, 13, 12, 7, 8, 6, 9, 32, 31, 37, 36, 35, 57, 56, 58, 4, 3, 1, 2, 5, 24, 23, 45, 46, 44, 38, 43, 48, 26, 49, 39, 55, 10, 50, 47, 53, 25, 34, 40, 42, 11, 33, 28, 29, 30, 20, 19, 17, 16, 0]
268;361;[0, 18, 27, 54, 41, 52, 51, 22, 21, 14, 15, 13, 12, 7, 8, 6, 9, 32, 31, 57, 37, 35, 36, 58, 56, 4, 3, 1, 2, 5, 24, 23, 46, 44, 45, 38, 43, 48, 26, 49, 39, 55, 10, 50, 47, 53, 25, 34, 40, 42, 11, 33, 28, 29, 30, 20, 19, 17, 16, 0]
269;365;[0, 18, 27, 54, 41, 52, 51, 22, 21, 14, 15, 13, 12, 7, 8, 6, 9, 32, 31, 37, 36, 35, 57, 56, 58, 4, 3, 1, 2, 5, 24, 23, 38, 43, 48, 26, 49, 39, 55, 10, 50, 47, 53, 25, 34, 40, 42, 11, 33, 28, 29, 44, 46, 45, 30, 20, 19, 17, 16, 0]
270;360;[0, 18, 27, 54, 41, 52, 51, 22, 21, 14, 15, 13, 12, 7, 8, 6, 9, 32, 31, 57, 35, 36, 37, 58, 56, 4, 3, 1, 2, 5, 24, 23, 45, 46, 44, 38, 43, 48, 26, 49, 39, 55, 10, 50, 47, 53, 25, 34, 40, 42, 11, 33, 28, 29, 30, 20, 19, 17, 16, 0]
271;360;[0, 18, 27, 54, 41, 52, 51, 22, 21, 14, 15, 13, 12, 7, 8, 6, 9, 32, 31, 57, 35, 36, 37, 58, 56, 4, 2, 1, 3, 5, 24, 23, 45, 46, 44, 30, 29, 28, 38, 43, 48, 26, 49, 39, 55, 10, 50, 47, 53, 25, 34, 40, 42, 11, 33, 20, 19, 17, 16, 0]
272;382;[0, 18, 37, 36, 35, 57, 31, 32, 9, 6, 8, 15, 27, 54, 41, 52, 51, 22, 21, 14, 13, 12, 7, 58, 56, 4, 3, 1, 2, 5, 24, 23, 44, 46, 45, 38, 43, 48, 26, 49, 39, 55, 10, 50, 47, 53, 25, 34, 40, 42, 11, 33, 28, 29, 30, 20, 19, 17, 16, 0]
273;361;[0, 18, 27, 54, 41, 52, 51, 22, 21, 14, 15, 13, 12, 7, 8, 6, 9, 31, 32, 37, 36, 35, 57, 58, 56, 4, 3, 1, 2, 5, 24, 23, 45, 46, 44, 38, 43, 48, 26, 49, 39, 55, 10, 50, 47, 53, 25, 34, 40, 42, 11, 33, 28, 29, 30, 20, 19, 17, 16, 0]
274;361;[0, 18, 17, 16, 27, 54, 41, 52, 51, 22, 21, 14, 15, 13, 12, 7, 8, 6, 9, 32, 31, 57, 35, 36, 37, 58, 56, 4, 3, 1, 2, 5, 24, 23, 45, 46, 44, 38, 43, 48, 26, 49, 39, 55, 10, 50, 47, 53, 25, 34, 40, 42, 11, 33, 28, 29, 30, 20, 19, 0]
275;362;[0, 18, 27, 54, 41, 52, 51, 22, 21, 14, 15, 13, 12, 7, 8, 6, 9, 32, 31, 57, 37, 35, 36, 58, 56, 4, 5, 2, 3, 1, 24, 23, 45, 46, 44, 38, 43, 48, 26, 49, 39, 55, 10, 50, 47, 53, 25, 34, 40, 42, 11, 33, 28, 29, 30, 20, 19, 17, 16, 0]
276;360;[0, 18, 27, 54, 41, 52, 51, 22, 21, 14, 15, 13, 12, 7, 8, 6, 9, 32, 31, 57, 35, 36, 37, 58, 56, 4, 3, 1, 2, 5, 24, 23, 45, 46, 44, 30, 29, 28, 48, 43, 38, 26, 49, 39, 55, 10, 50, 47, 53, 25, 34, 40, 42, 11, 33, 20, 19, 17, 16, 0]
277;364;[0, 18, 27, 54, 41, 52, 51, 22, 21, 14, 15, 13, 12, 7, 8, 6, 9, 32, 31, 57, 35, 36, 37, 58, 56, 4, 3, 1, 2, 5, 24, 23, 45, 46, 44, 38, 43, 48, 26, 49, 39, 55, 10, 50, 47, 25, 34, 40, 42, 11, 53, 33, 28, 29, 30, 20, 19, 17, 16, 0]
278;384;[0, 18, 28, 29, 30, 44, 46, 45, 24, 23, 5, 4, 37, 36, 35, 57, 31, 8, 7, 12, 13, 14, 21, 22, 51, 52, 41, 54, 27, 15, 6, 9, 32, 58, 56, 3, 2, 1, 38, 43, 48, 26, 49, 39, 55, 10, 50, 47, 53, 25, 34, 40, 42, 11, 33, 20, 19, 17, 16, 0]
279;360;[0, 18, 27, 54, 41, 52, 51, 22, 21, 14, 15, 13, 12, 7, 8, 6, 9, 32, 31, 57, 35, 36, 37, 58, 56, 4, 3, 1, 2, 5, 24, 23, 45, 46, 44, 30, 29, 28, 38, 43, 48, 26, 49, 39, 55, 10, 50, 47, 53, 25, 34, 40, 42, 11, 33, 20, 19, 17, 16, 0]
280;360;[0, 18, 27, 54, 41, 52, 51, 22, 21, 14, 15, 13, 12, 7, 8, 6, 9, 32, 31, 57, 35, 36, 37, 58, 56, 4, 2, 1, 3, 5, 24, 23, 45, 46, 44, 38, 43, 48, 26, 49, 39, 55, 10, 50, 47, 53, 25, 34, 40, 42, 11, 33, 28, 29, 30, 20, 19, 17, 16, 0]
281;366;[0, 18, 27, 54, 41, 52, 51, 22, 21, 14, 15, 13, 12, 7, 8, 6, 9, 32, 31, 57, 35, 36, 37, 58, 56, 4, 3, 1, 2, 5, 24, 23, 25, 34, 40, 42, 53, 11, 33, 47, 50, 10, 55, 39, 49, 26, 48, 43, 38, 45, 46, 44, 30, 29, 28, 20, 19, 17, 16, 0]
282;362;[0, 18, 27, 54, 41, 52, 51, 22, 21, 14, 15, 13, 12, 7, 8, 6, 9, 32, 31, 37, 36, 35, 57, 56, 58, 4, 3, 1, 2, 5, 24, 23, 44, 46, 45, 38, 43, 48, 26, 49, 39, 55, 10, 50, 47, 53, 25, 34, 40, 42, 11, 33, 28, 29, 30, 20, 19, 17, 16, 0]
283;375;[0, 18, 27, 54, 41, 52, 51, 22, 21, 14, 15, 13, 12, 7, 8, 6, 9, 32, 31, 37, 36, 35, 57, 56, 58, 4, 3, 1, 2, 5, 24, 23, 45, 46, 44, 30, 29, 28, 38, 43, 48, 26, 49, 55, 10, 50, 47, 53, 25, 34, 40, 42, 11, 33, 39, 20, 19, 17, 16, 0]
284;360;[0, 18, 27, 54, 41, 52, 51, 22, 21, 14, 15, 13, 12, 7, 8, 6, 9, 32, 31, 57, 35, 36, 37, 58, 56, 4, 3, 1, 2, 5, 24, 23, 45, 46, 44, 38, 43, 48, 26, 49, 39, 55, 10, 50, 47, 53, 25, 34, 40, 42, 11, 33, 28, 29, 30, 20, 19, 17, 16, 0]
285;363;[0, 18, 27, 54, 41, 52, 51, 22, 21, 14, 15, 13, 12, 7, 8, 6, 9, 32, 31, 37, 36, 35, 57, 58, 56, 4, 5, 3, 2, 1, 23, 24, 44, 46, 45, 38, 43, 48, 26, 49, 39, 55, 10, 50, 47, 53, 25, 34, 40, 42, 11, 33, 28, 29, 30, 20, 19, 17, 16, 0]
286;360;[0, 18, 27, 54, 41, 52, 51, 22, 21, 14, 15, 13, 12, 7, 8, 6, 9, 32, 31, 57, 35, 36, 37, 58, 56, 4, 3, 1, 2, 5, 24, 23, 45, 46, 44, 30, 29, 28, 38, 43, 48, 26, 49, 39, 55, 10, 50, 47, 53, 25, 34, 40, 42, 11, 33, 20, 19, 17, 16, 0]
287;361;[0, 6, 9, 31, 32, 37, 36, 35, 57, 56, 58, 4, 3, 1, 2, 5, 24, 23, 46, 44, 45, 38, 43, 48, 26, 49, 39, 55, 10, 50, 47, 53, 25, 34, 40, 42, 11, 33, 28, 29, 30, 20, 19, 17, 16, 18, 27, 54, 41, 52, 51, 22, 21, 14, 15, 13, 12, 7, 8, 0]
288;367;[0, 18, 27, 54, 41, 52, 51, 22, 21, 14, 15, 13, 12, 7, 8, 6, 9, 31, 32, 57, 35, 36, 37, 58, 56, 4, 3, 1, 2, 5, 24, 23, 45, 46, 44, 38, 43, 48, 26, 49, 39, 55, 10, 50, 47, 33, 53, 25, 11, 42, 40, 34, 28, 29, 30, 20, 19, 17, 16, 0]
289;363;[0, 18, 27, 54, 41, 52, 51, 22, 21, 14, 15, 13, 12, 7, 8, 6, 9, 32, 31, 37, 36, 35, 57, 58, 56, 4, 5, 3, 2, 1, 23, 24, 44, 46, 45, 38, 43, 48, 26, 49, 39, 55, 10, 50, 47, 53, 25, 34, 40, 42, 11, 33, 28, 29, 30, 20, 19, 17, 16, 0]
290;365;[0, 18, 27, 54, 41, 52, 51, 22, 21, 14, 15, 13, 12, 7, 8, 6, 9, 32, 31, 57, 35, 36, 37, 58, 56, 4, 5, 2, 3, 1, 23, 24, 38, 43, 48, 26, 49, 39, 55, 10, 50, 47, 53, 25, 34, 40, 42, 11, 33, 28, 29, 30, 45, 46, 44, 20, 19, 17, 16, 0]
291;361;[0, 18, 27, 54, 41, 52, 51, 22, 21, 14, 15, 13, 12, 7, 8, 6, 9, 31, 32, 37, 36, 35, 57, 56, 58, 4, 3, 1, 2, 5, 24, 23, 46, 44, 45, 38, 43, 48, 26, 49, 39, 55, 10, 50, 47, 53, 25, 34, 40, 42, 11, 33, 28, 29, 30, 20, 19, 17, 16, 0]
292;370;[0, 18, 27, 54, 41, 52, 51, 22, 21, 14, 15, 13, 12, 7, 8, 6, 9, 31, 32, 37, 36, 35, 57, 58, 56, 4, 2, 5, 3, 1, 23, 24, 44, 46, 45, 38, 43, 48, 26, 49, 39, 55, 10, 50, 47, 33, 53, 25, 11, 42, 40, 34, 28, 29, 30, 20, 19, 17, 16, 0]
293;361;[0, 18, 27, 54, 41, 52, 51, 22, 21, 14, 15, 13, 12, 7, 8, 6, 9, 32, 31, 57, 35, 36, 37, 58, 56, 4, 5, 3, 2, 1, 23, 24, 45, 46, 44, 38, 43, 48, 26, 49, 39, 55, 10, 50, 47, 53, 25, 34, 40, 42, 11, 33, 28, 29, 30, 20, 19, 17, 16, 0]
294;360;[0, 18, 27, 54, 41, 52, 51, 22, 21, 14, 15, 13, 12, 7, 8, 6, 9, 31, 32, 57, 35, 36, 37, 58, 56, 4, 3, 1, 2, 5, 24, 23, 46, 44, 45, 38, 43, 48, 26, 49, 39, 55, 10, 50, 47, 53, 25, 34, 40, 42, 11, 33, 28, 29, 30, 20, 19, 17, 16, 0]
295;361;[0, 18, 27, 54, 41, 52, 51, 22, 21, 14, 15, 13, 12, 7, 8, 6, 9, 32, 31, 57, 35, 36, 37, 58, 56, 4, 5, 2, 3, 1, 24, 23, 45, 46, 44, 30, 29, 28, 48, 38, 43, 26, 49, 39, 55, 10, 50, 47, 53, 25, 34, 40, 42, 11, 33, 20, 19, 17, 16, 0]
296;374;[0, 18, 27, 54, 41, 52, 51, 22, 21, 14, 15, 13, 12, 7, 8, 6, 9, 32, 31, 57, 35, 36, 37, 58, 56, 4, 3, 1, 2, 5, 24, 23, 45, 46, 44, 38, 43, 48, 26, 49, 55, 10, 50, 47, 25, 34, 40, 42, 11, 53, 33, 39, 28, 29, 30, 20, 19, 17, 16, 0]
297;368;[0, 18, 27, 54, 41, 52, 51, 22, 21, 14, 15, 13, 12, 7, 8, 6, 9, 32, 31, 36, 35, 37, 57, 58, 56, 4, 2, 5, 3, 1, 23, 24, 38, 43, 26, 49, 39, 55, 10, 50, 47, 53, 25, 34, 40, 42, 11, 33, 48, 45, 46, 44, 30, 29, 28, 20, 19, 17, 16, 0]
298;362;[0, 18, 17, 16, 27, 54, 41, 52, 51, 22, 21, 14, 15, 13, 12, 7, 8, 6, 9, 32, 31, 57, 35, 36, 37, 58, 56, 4, 5, 2, 3, 1, 24, 23, 45, 46, 44, 38, 43, 48, 26, 49, 39, 55, 10, 50, 47, 53, 25, 34, 40, 42, 11, 33, 28, 29, 30, 20, 19, 0]
299;361;[0, 18, 27, 54, 41, 52, 51, 22, 21, 14, 15, 13, 12, 7, 8, 6, 9, 32, 31, 37, 36, 35, 57, 58, 56, 4, 3, 1, 2, 5, 24, 23, 46, 44, 45, 38, 43, 48, 26, 49, 39, 55, 10, 50, 47, 53, 25, 34, 40, 42, 11, 33, 28, 29, 30, 20, 19, 17, 16, 0]
300;365;[0, 18, 27, 54, 41, 52, 51, 22, 21, 14, 15, 13, 12, 7, 8, 6, 9, 32, 31, 57, 35, 36, 37, 58, 56, 4, 3, 1, 2, 5, 24, 23, 45, 46, 44, 30, 29, 48, 43, 38, 26, 49, 39, 55, 10, 50, 47, 53, 25, 34, 40, 42, 11, 33, 28, 20, 19, 17, 16, 0]
301;365;[0, 18, 27, 54, 41, 52, 51, 22, 21, 14, 15, 13, 12, 7, 8, 6, 9, 31, 32, 57, 35, 36, 37, 58, 56, 4, 2, 1, 3, 5, 24, 23, 44, 46, 45, 38, 43, 48, 26, 49, 39, 55, 10, 50, 47, 25, 34, 40, 42, 11, 53, 33, 28, 29, 30, 20, 19, 17, 16, 0]
302;361;[0, 18, 27, 54, 41, 52, 51, 22, 21, 14, 15, 13, 12, 7, 8, 6, 9, 32, 31, 57, 35, 36, 37, 58, 56, 4, 3, 1, 2, 5, 24, 23, 44, 46, 45, 38, 43, 48, 26, 49, 39, 55, 10, 50, 47, 53, 25, 34, 40, 42, 11, 33, 28, 29, 30, 20, 19, 17, 16, 0]
303;360;[0, 18, 27, 54, 41, 52, 51, 22, 21, 14, 15, 13, 12, 7, 8, 6, 9, 32, 31, 57, 35, 36, 37, 58, 56, 4, 3, 1, 2, 5, 24, 23, 45, 46, 44, 30, 29, 28, 38, 43, 48, 26, 49, 39, 55, 10, 50, 47, 53, 25, 34, 40, 42, 11, 33, 20, 19, 17, 16, 0]
304;365;[0, 18, 27, 54, 41, 52, 51, 22, 21, 14, 15, 13, 12, 7, 8, 6, 9, 32, 31, 57, 35, 36, 37, 58, 56, 4, 3, 1, 2, 5, 24, 23, 30, 29, 28, 44, 46, 45, 38, 43, 48, 26, 49, 39, 55, 10, 50, 47, 53, 25, 34, 40, 42, 11, 33, 20, 19, 17, 16, 0]
305;360;[0, 18, 27, 54, 41, 52, 51, 22, 21, 14, 15, 13, 12, 7, 8, 6, 9, 32, 31, 57, 35, 36, 37, 58, 56, 4, 3, 1, 2, 5, 24, 23, 45, 46, 44, 38, 43, 48, 26, 49, 39, 55, 10, 50, 47, 53, 25, 34, 40, 42, 11, 33, 28, 29, 30, 20, 19, 17, 16, 0]
306;361;[0, 18, 27, 54, 41, 52, 51, 22, 21, 14, 15, 13, 12, 7, 8, 6, 9, 32, 31, 37, 36, 35, 57, 58, 56, 4, 3, 1, 2, 5, 24, 23, 45, 46, 44, 38, 43, 48, 26, 49, 39, 55, 10, 50, 47, 53, 25, 34, 40, 42, 11, 33, 28, 29, 30, 20, 19, 17, 16, 0]
307;361;[0, 35, 36, 37, 31, 32, 9, 6, 8, 7, 12, 13, 15, 14, 21, 22, 51, 52, 41, 54, 27, 18, 16, 17, 19, 20, 30, 29, 28, 33, 11, 42, 40, 34, 25, 53, 47, 50, 10, 55, 39, 49, 26, 48, 43, 38, 44, 46, 45, 23, 24, 5, 2, 1, 3, 4, 56, 58, 57, 0]
308;360;[0, 18, 27, 54, 41, 52, 51, 22, 21, 14, 15, 13, 12, 7, 8, 6, 9, 32, 31, 57, 35, 36, 37, 58, 56, 4, 3, 1, 2, 5, 24, 23, 45, 46, 44, 38, 43, 48, 26, 49, 39, 55, 10, 50, 47, 53, 25, 34, 40, 42, 11, 33, 28, 29, 30, 20, 19, 17, 16, 0]
309;362;[0, 18, 27, 54, 41, 52, 51, 22, 21, 14, 15, 13, 12, 7, 8, 6, 9, 32, 31, 57, 37, 35, 36, 56, 58, 4, 3, 1, 2, 5, 24, 23, 44, 46, 45, 38, 43, 48, 26, 49, 39, 55, 10, 50, 47, 53, 25, 34, 40, 42, 11, 33, 28, 29, 30, 20, 19, 17, 16, 0]
310;386;[0, 18, 17, 16, 37, 36, 35, 57, 31, 9, 6, 8, 7, 12, 13, 14, 21, 22, 51, 52, 41, 54, 27, 15, 32, 58, 56, 4, 3, 1, 2, 5, 24, 23, 38, 43, 26, 49, 39, 55, 10, 50, 47, 53, 25, 34, 40, 42, 11, 33, 48, 45, 46, 44, 30, 29, 28, 20, 19, 0]
311;375;[0, 18, 27, 54, 41, 52, 51, 22, 21, 14, 15, 13, 12, 7, 8, 6, 9, 32, 31, 57, 35, 36, 37, 58, 56, 4, 5, 3, 2, 1, 24, 23, 45, 46, 44, 30, 29, 28, 38, 43, 48, 26, 49, 55, 10, 50, 47, 53, 25, 34, 40, 42, 11, 33, 39, 20, 19, 17, 16, 0]
312;360;[0, 18, 27, 54, 41, 52, 51, 22, 21, 14, 15, 13, 12, 7, 8, 6, 9, 32, 31, 57, 35, 36, 37, 58, 56, 4, 3, 1, 2, 5, 24, 23, 45, 46, 44, 38, 43, 48, 26, 49, 39, 55, 10, 50, 47, 53, 25, 34, 40, 42, 11, 33, 28, 29, 30, 20, 19, 17, 16, 0]
313;362;[0, 18, 27, 54, 41, 52, 51, 22, 21, 14, 15, 13, 12, 7, 8, 6, 9, 32, 31, 57, 35, 36, 37, 58, 56, 4, 5, 2, 3, 1, 23, 24, 44, 46, 45, 38, 43, 48, 26, 49, 39, 55, 10, 50, 47, 53, 25, 34, 40, 42, 11, 33, 28, 29, 30, 20, 19, 17, 16, 0]
314;369;[0, 18, 27, 54, 41, 52, 51, 22, 21, 14, 15, 13, 12, 7, 8, 6, 9, 32, 31, 57, 35, 36, 37, 58, 56, 4, 2, 5, 3, 1, 23, 24, 30, 44, 46, 45, 38, 43, 48, 26, 49, 39, 55, 10, 50, 47, 53, 25, 34, 40, 42, 11, 33, 28, 29, 20, 19, 17, 16, 0]
315;367;[0, 18, 27, 54, 41, 52, 51, 22, 21, 14, 15, 13, 12, 7, 8, 6, 9, 32, 31, 37, 36, 35, 57, 58, 56, 4, 3, 1, 2, 5, 24, 23, 25, 34, 40, 42, 11, 53, 33, 47, 50, 10, 55, 39, 49, 26, 48, 43, 38, 45, 46, 44, 30, 29, 28, 20, 19, 17, 16, 0]
316;360;[0, 18, 27, 54, 41, 52, 51, 22, 21, 14, 15, 13, 12, 7, 8, 6, 9, 32, 31, 57, 35, 36, 37, 58, 56, 4, 3, 1, 2, 5, 24, 23, 45, 46, 44, 30, 29, 28, 48, 43, 38, 26, 49, 39, 55, 10, 50, 47, 53, 25, 34, 40, 42, 11, 33, 20, 19, 17, 16, 0]
317;361;[0, 18, 27, 54, 41, 52, 51, 22, 21, 14, 15, 13, 12, 7, 8, 6, 9, 31, 32, 36, 35, 37, 57, 58, 56, 4, 3, 1, 2, 5, 24, 23, 45, 46, 44, 38, 43, 48, 26, 49, 39, 55, 10, 50, 47, 53, 25, 34, 40, 42, 11, 33, 28, 29, 30, 20, 19, 17, 16, 0]
318;361;[0, 18, 27, 54, 41, 52, 51, 22, 21, 14, 15, 13, 12, 7, 8, 6, 9, 32, 31, 57, 35, 36, 37, 58, 56, 4, 3, 1, 2, 5, 24, 23, 44, 46, 45, 38, 43, 48, 26, 49, 39, 55, 10, 50, 47, 53, 25, 34, 40, 42, 11, 33, 28, 29, 30, 20, 19, 17, 16, 0]
319;360;[0, 18, 27, 54, 41, 52, 51, 22, 21, 14, 15, 13, 12, 7, 8, 6, 9, 32, 31, 57, 35, 36, 37, 58, 56, 4, 3, 1, 2, 5, 24, 23, 45, 46, 44, 38, 43, 48, 26, 49, 39, 55, 10, 50, 47, 53, 25, 34, 40, 42, 11, 33, 28, 29, 30, 20, 19, 17, 16, 0]
320;365;[0, 18, 27, 54, 41, 52, 51, 22, 21, 14, 15, 13, 12, 7, 8, 6, 9, 32, 31, 57, 35, 36, 37, 58, 56, 4, 3, 1, 2, 5, 24, 23, 45, 46, 44, 30, 29, 43, 38, 48, 26, 49, 39, 55, 10, 50, 47, 53, 25, 34, 40, 42, 11, 33, 28, 20, 19, 17, 16, 0]
321;360;[0, 18, 27, 54, 41, 52, 51, 22, 21, 14, 15, 13, 12, 7, 8, 6, 9, 32, 31, 57, 35, 36, 37, 58, 56, 4, 3, 1, 2, 5, 24, 23, 45, 46, 44, 38, 43, 48, 26, 49, 39, 55, 10, 50, 47, 53, 25, 34, 40, 42, 11, 33, 28, 29, 30, 20, 19, 17, 16, 0]
322;366;[0, 18, 27, 54, 41, 52, 51, 22, 21, 14, 15, 13, 12, 7, 8, 6, 9, 32, 31, 57, 35, 36, 37, 58, 56, 4, 5, 3, 2, 1, 23, 24, 45, 44, 46, 38, 43, 48, 26, 49, 39, 55, 10, 50, 47, 25, 34, 40, 42, 11, 53, 33, 28, 29, 30, 20, 19, 17, 16, 0]
323;361;[0, 18, 27, 54, 41, 52, 51, 22, 21, 14, 15, 13, 12, 7, 8, 6, 9, 32, 31, 57, 35, 36, 37, 58, 56, 4, 3, 1, 2, 5, 24, 23, 44, 46, 45, 38, 43, 48, 26, 49, 39, 55, 10, 50, 47, 53, 25, 34, 40, 42, 11, 33, 28, 29, 30, 20, 19, 17, 16, 0]
324;360;[0, 18, 27, 54, 41, 52, 51, 22, 21, 14, 15, 13, 12, 7, 8, 6, 9, 32, 31, 57, 35, 36, 37, 58, 56, 4, 2, 1, 3, 5, 24, 23, 45, 46, 44, 30, 29, 28, 38, 43, 48, 26, 49, 39, 55, 10, 50, 47, 53, 25, 34, 40, 42, 11, 33, 20, 19, 17, 16, 0]
325;362;[0, 18, 27, 54, 41, 52, 51, 22, 21, 14, 15, 13, 12, 7, 8, 6, 9, 32, 31, 57, 35, 36, 37, 58, 56, 4, 3, 5, 2, 1, 23, 24, 44, 46, 45, 38, 43, 48, 26, 49, 39, 55, 10, 50, 47, 53, 25, 34, 40, 42, 11, 33, 28, 29, 30, 20, 19, 17, 16, 0]
326;367;[0, 18, 27, 54, 41, 52, 51, 22, 21, 14, 15, 13, 12, 7, 8, 6, 9, 32, 31, 57, 35, 36, 37, 58, 56, 4, 3, 1, 2, 5, 24, 23, 45, 46, 44, 38, 43, 48, 26, 49, 39, 55, 10, 50, 47, 33, 53, 25, 11, 42, 40, 34, 28, 29, 30, 20, 19, 17, 16, 0]
327;361;[0, 18, 27, 54, 41, 52, 51, 22, 21, 14, 15, 13, 12, 7, 8, 6, 9, 32, 31, 57, 35, 36, 37, 58, 56, 4, 3, 5, 2, 1, 23, 24, 45, 46, 44, 30, 29, 28, 38, 43, 48, 26, 49, 39, 55, 10, 50, 47, 53, 25, 34, 40, 42, 11, 33, 20, 19, 17, 16, 0]
328;360;[0, 18, 27, 54, 41, 52, 51, 22, 21, 14, 15, 13, 12, 7, 8, 6, 9, 32, 31, 57, 35, 36, 37, 58, 56, 4, 3, 1, 2, 5, 24, 23, 45, 46, 44, 30, 29, 28, 38, 43, 48, 26, 49, 39, 55, 10, 50, 47, 53, 25, 34, 40, 42, 11, 33, 20, 19, 17, 16, 0]
329;364;[0, 18, 27, 54, 41, 52, 51, 22, 21, 14, 15, 13, 12, 7, 8, 6, 9, 32, 31, 57, 35, 36, 37, 58, 56, 4, 3, 1, 2, 5, 24, 23, 38, 43, 48, 26, 49, 39, 55, 10, 50, 47, 53, 25, 34, 40, 42, 11, 33, 28, 29, 30, 44, 45, 46, 20, 19, 17, 16, 0]
330;362;[0, 18, 27, 54, 41, 52, 51, 22, 21, 14, 15, 13, 12, 7, 8, 6, 9, 31, 32, 57, 37, 35, 36, 58, 56, 4, 3, 1, 2, 5, 24, 23, 45, 44, 46, 38, 43, 48, 26, 49, 39, 55, 10, 50, 47, 53, 25, 34, 40, 42, 11, 33, 28, 29, 30, 20, 19, 17, 16, 0]
331;362;[0, 18, 27, 54, 41, 52, 51, 22, 21, 14, 15, 13, 12, 7, 8, 6, 9, 32, 31, 37, 36, 35, 57, 58, 56, 4, 5, 2, 3, 1, 24, 23, 45, 46, 44, 38, 43, 48, 26, 49, 39, 55, 10, 50, 47, 53, 25, 34, 40, 42, 11, 33, 28, 29, 30, 20, 19, 17, 16, 0]
332;362;[0, 18, 27, 54, 41, 52, 51, 22, 21, 14, 15, 13, 12, 7, 8, 6, 9, 32, 31, 57, 35, 36, 37, 58, 56, 4, 3, 1, 2, 5, 24, 23, 44, 46, 45, 38, 43, 48, 26, 49, 39, 55, 10, 50, 47, 53, 25, 34, 40, 42, 11, 33, 29, 30, 28, 20, 19, 17, 16, 0]
333;360;[0, 21, 14, 15, 13, 12, 7, 8, 6, 9, 32, 31, 57, 35, 36, 37, 58, 56, 4, 3, 1, 2, 5, 24, 23, 45, 46, 44, 38, 43, 48, 26, 49, 39, 55, 10, 50, 47, 53, 25, 34, 40, 42, 11, 33, 28, 29, 30, 20, 19, 17, 16, 18, 27, 54, 41, 52, 51, 22, 0]
334;383;[0, 18, 37, 36, 35, 57, 31, 15, 14, 27, 54, 41, 52, 51, 22, 21, 13, 12, 7, 8, 6, 9, 32, 58, 56, 4, 5, 2, 3, 1, 23, 24, 44, 46, 45, 38, 43, 48, 26, 49, 39, 55, 10, 50, 47, 53, 25, 34, 40, 42, 11, 33, 28, 29, 30, 20, 19, 17, 16, 0]
335;360;[0, 18, 27, 54, 41, 52, 51, 22, 21, 14, 15, 13, 12, 7, 8, 6, 9, 32, 31, 57, 35, 36, 37, 58, 56, 4, 3, 1, 2, 5, 24, 23, 45, 46, 44, 38, 43, 48, 26, 49, 39, 55, 10, 50, 47, 53, 25, 34, 40, 42, 11, 33, 28, 29, 30, 20, 19, 17, 16, 0]
336;361;[0, 18, 27, 54, 41, 52, 51, 22, 21, 14, 15, 13, 12, 7, 8, 6, 9, 31, 32, 36, 35, 37, 57, 58, 56, 4, 3, 1, 2, 5, 24, 23, 45, 46, 44, 38, 43, 48, 26, 49, 39, 55, 10, 50, 47, 53, 25, 34, 40, 42, 11, 33, 28, 29, 30, 20, 19, 17, 16, 0]
337;361;[0, 18, 27, 54, 41, 52, 51, 22, 21, 14, 15, 13, 12, 7, 8, 6, 9, 32, 31, 57, 35, 36, 37, 58, 56, 4, 3, 1, 2, 5, 24, 23, 45, 44, 46, 38, 43, 48, 26, 49, 39, 55, 10, 50, 47, 53, 25, 34, 40, 42, 11, 33, 28, 29, 30, 20, 19, 17, 16, 0]
338;368;[0, 18, 27, 54, 41, 52, 51, 22, 21, 14, 15, 13, 12, 7, 8, 6, 9, 32, 31, 57, 35, 36, 37, 58, 56, 4, 3, 1, 2, 5, 24, 23, 45, 46, 44, 30, 29, 28, 38, 43, 48, 26, 49, 39, 55, 10, 50, 47, 33, 53, 25, 11, 42, 40, 34, 20, 19, 17, 16, 0]
339;365;[0, 18, 17, 16, 27, 54, 41, 52, 51, 22, 21, 14, 15, 13, 12, 7, 8, 6, 9, 32, 31, 57, 35, 36, 37, 58, 56, 4, 3, 1, 2, 5, 24, 23, 38, 43, 48, 26, 49, 39, 55, 10, 50, 47, 53, 25, 34, 40, 42, 11, 33, 28, 29, 44, 46, 45, 30, 20, 19, 0]
340;360;[0, 18, 27, 54, 41, 52, 51, 22, 21, 14, 15, 13, 12, 7, 8, 6, 9, 32, 31, 57, 35, 36, 37, 58, 56, 4, 3, 1, 2, 5, 24, 23, 45, 46, 44, 38, 43, 48, 26, 49, 39, 55, 10, 50, 47, 53, 25, 34, 40, 42, 11, 33, 28, 29, 30, 20, 19, 17, 16, 0]
341;362;[0, 18, 27, 54, 41, 52, 51, 22, 21, 14, 15, 13, 12, 7, 8, 6, 9, 32, 31, 37, 36, 35, 57, 56, 58, 4, 3, 1, 2, 5, 24, 23, 45, 44, 46, 38, 43, 48, 26, 49, 39, 55, 10, 50, 47, 53, 25, 34, 40, 42, 11, 33, 28, 29, 30, 20, 19, 17, 16, 0]
342;361;[0, 18, 27, 54, 41, 52, 51, 22, 21, 14, 15, 13, 12, 7, 8, 6, 9, 32, 31, 57, 37, 35, 36, 58, 56, 4, 3, 1, 2, 5, 24, 23, 45, 46, 44, 38, 43, 48, 26, 49, 39, 55, 10, 50, 47, 53, 25, 34, 40, 42, 11, 33, 28, 29, 30, 20, 19, 17, 16, 0]
343;360;[0, 18, 27, 54, 41, 52, 51, 22, 21, 14, 15, 13, 12, 7, 8, 6, 9, 32, 31, 57, 35, 36, 37, 58, 56, 4, 3, 1, 2, 5, 24, 23, 45, 46, 44, 38, 43, 48, 26, 49, 39, 55, 10, 50, 47, 53, 25, 34, 40, 42, 11, 33, 28, 29, 30, 20, 19, 17, 16, 0]
344;360;[0, 18, 27, 54, 41, 52, 51, 22, 21, 14, 15, 13, 12, 7, 8, 6, 9, 32, 31, 57, 35, 36, 37, 58, 56, 4, 3, 1, 2, 5, 24, 23, 45, 46, 44, 38, 43, 48, 26, 49, 39, 55, 10, 50, 47, 53, 25, 34, 40, 42, 11, 33, 28, 29, 30, 20, 19, 17, 16, 0]
345;367;[0, 18, 27, 54, 41, 52, 51, 22, 21, 14, 15, 13, 12, 7, 8, 6, 9, 32, 31, 57, 37, 35, 36, 56, 58, 4, 5, 2, 3, 1, 23, 24, 44, 46, 45, 38, 43, 48, 26, 49, 39, 55, 10, 50, 47, 25, 34, 40, 42, 11, 53, 33, 28, 29, 30, 20, 19, 17, 16, 0]
346;362;[0, 18, 27, 54, 41, 52, 51, 22, 21, 14, 15, 13, 12, 7, 8, 6, 9, 32, 31, 37, 36, 35, 57, 58, 56, 4, 3, 1, 2, 5, 24, 23, 44, 46, 45, 38, 43, 48, 26, 49, 39, 55, 10, 50, 47, 53, 25, 34, 40, 42, 11, 33, 28, 29, 30, 20, 19, 17, 16, 0]
347;360;[0, 18, 27, 54, 41, 52, 51, 22, 21, 14, 15, 13, 12, 7, 8, 6, 9, 32, 31, 57, 35, 36, 37, 58, 56, 4, 3, 1, 2, 5, 24, 23, 45, 46, 44, 38, 43, 48, 26, 49, 39, 55, 10, 50, 47, 53, 25, 34, 40, 42, 11, 33, 28, 29, 30, 20, 19, 17, 16, 0]
348;366;[0, 18, 17, 16, 28, 29, 30, 44, 46, 45, 23, 24, 51, 52, 41, 54, 27, 22, 21, 14, 15, 13, 12, 7, 8, 6, 9, 32, 31, 57, 35, 36, 37, 58, 56, 4, 3, 1, 2, 5, 38, 43, 48, 26, 49, 39, 55, 10, 50, 47, 53, 25, 34, 40, 42, 11, 33, 20, 19, 0]
349;361;[0, 18, 27, 54, 41, 52, 51, 22, 21, 14, 15, 13, 12, 7, 8, 6, 9, 32, 31, 57, 35, 36, 37, 58, 56, 4, 3, 1, 2, 5, 24, 23, 44, 46, 45, 38, 43, 48, 26, 49, 39, 55, 10, 50, 47, 53, 25, 34, 40, 42, 11, 33, 28, 29, 30, 20, 19, 17, 16, 0]
350;362;[0, 13, 12, 7, 8, 6, 9, 32, 31, 37, 36, 35, 57, 58, 56, 4, 5, 2, 3, 1, 24, 23, 45, 46, 44, 38, 43, 48, 26, 49, 39, 55, 10, 50, 47, 53, 25, 34, 40, 42, 11, 33, 28, 29, 30, 20, 19, 17, 16, 18, 27, 54, 41, 52, 51, 22, 21, 14, 15, 0]
351;360;[0, 18, 27, 54, 41, 52, 51, 22, 21, 14, 15, 13, 12, 7, 8, 6, 9, 32, 31, 57, 35, 36, 37, 58, 56, 4, 3, 1, 2, 5, 24, 23, 45, 46, 44, 30, 29, 28, 38, 43, 48, 26, 49, 39, 55, 10, 50, 47, 53, 25, 34, 40, 42, 11, 33, 20, 19, 17, 16, 0]
352;376;[0, 18, 17, 16, 27, 54, 41, 52, 51, 22, 21, 14, 15, 13, 12, 7, 8, 6, 9, 32, 31, 37, 36, 35, 57, 58, 56, 4, 2, 1, 3, 5, 24, 23, 45, 46, 44, 30, 29, 28, 38, 43, 48, 26, 49, 55, 10, 50, 47, 53, 25, 34, 40, 42, 11, 33, 39, 20, 19, 0]
353;361;[0, 18, 27, 54, 41, 52, 51, 22, 21, 14, 15, 13, 12, 7, 8, 6, 9, 32, 31, 57, 35, 36, 37, 58, 56, 4, 5, 2, 3, 1, 23, 24, 45, 46, 44, 30, 29, 28, 38, 43, 48, 26, 49, 39, 55, 10, 50, 47, 53, 25, 34, 40, 42, 11, 33, 20, 19, 17, 16, 0]
354;360;[0, 18, 27, 54, 41, 52, 51, 22, 21, 14, 15, 13, 12, 7, 8, 6, 9, 32, 31, 57, 35, 36, 37, 58, 56, 4, 3, 1, 2, 5, 24, 23, 45, 46, 44, 38, 43, 48, 26, 49, 39, 55, 10, 50, 47, 53, 25, 34, 40, 42, 11, 33, 28, 29, 30, 20, 19, 17, 16, 0]
355;360;[0, 18, 27, 54, 41, 52, 51, 22, 21, 14, 15, 13, 12, 7, 8, 6, 9, 32, 31, 57, 35, 36, 37, 58, 56, 4, 2, 1, 3, 5, 24, 23, 45, 46, 44, 38, 43, 48, 26, 49, 39, 55, 10, 50, 47, 53, 25, 34, 40, 42, 11, 33, 28, 29, 30, 20, 19, 17, 16, 0]
356;362;[0, 18, 27, 54, 41, 52, 51, 22, 21, 14, 15, 13, 12, 7, 8, 6, 9, 32, 31, 57, 37, 35, 36, 56, 58, 4, 3, 1, 2, 5, 24, 23, 44, 46, 45, 38, 43, 48, 26, 49, 39, 55, 10, 50, 47, 53, 25, 34, 40, 42, 11, 33, 28, 29, 30, 20, 19, 17, 16, 0]
357;361;[0, 18, 27, 54, 41, 52, 51, 22, 21, 14, 15, 13, 12, 7, 8, 6, 9, 32, 31, 37, 36, 35, 57, 58, 56, 4, 3, 1, 2, 5, 24, 23, 45, 46, 44, 38, 43, 48, 26, 49, 39, 55, 10, 50, 47, 53, 25, 34, 40, 42, 11, 33, 28, 29, 30, 20, 19, 17, 16, 0]
358;361;[0, 18, 27, 54, 41, 52, 51, 22, 21, 14, 15, 13, 12, 7, 8, 6, 9, 32, 31, 37, 36, 35, 57, 58, 56, 4, 3, 1, 2, 5, 24, 23, 45, 46, 44, 38, 43, 48, 26, 49, 39, 55, 10, 50, 47, 53, 25, 34, 40, 42, 11, 33, 28, 29, 30, 20, 19, 17, 16, 0]
359;360;[0, 18, 27, 54, 41, 52, 51, 22, 21, 14, 15, 13, 12, 7, 8, 6, 9, 32, 31, 57, 35, 36, 37, 58, 56, 4, 3, 1, 2, 5, 24, 23, 45, 46, 44, 30, 29, 28, 38, 43, 48, 26, 49, 39, 55, 10, 50, 47, 53, 25, 34, 40, 42, 11, 33, 20, 19, 17, 16, 0]
360;369;[0, 18, 17, 16, 19, 20, 28, 29, 30, 44, 46, 45, 25, 34, 40, 42, 11, 53, 33, 47, 50, 10, 55, 39, 49, 26, 48, 43, 38, 24, 23, 5, 2, 1, 3, 4, 56, 58, 37, 36, 35, 57, 31, 32, 9, 6, 8, 7, 12, 13, 15, 14, 21, 22, 51, 52, 41, 54, 27, 0]
361;365;[0, 18, 54, 41, 27, 51, 52, 22, 21, 14, 15, 13, 12, 7, 8, 6, 9, 32, 31, 57, 37, 35, 36, 56, 58, 4, 3, 1, 2, 5, 24, 23, 45, 46, 44, 38, 43, 48, 26, 49, 39, 55, 10, 50, 47, 53, 25, 34, 40, 42, 11, 33, 28, 29, 30, 20, 19, 17, 16, 0]
362;365;[0, 18, 27, 54, 41, 52, 51, 22, 21, 14, 15, 13, 12, 7, 8, 6, 9, 32, 31, 57, 35, 36, 37, 58, 56, 4, 3, 1, 2, 5, 24, 23, 26, 49, 39, 55, 10, 50, 47, 53, 25, 34, 40, 42, 11, 33, 48, 43, 38, 45, 46, 44, 30, 29, 28, 20, 19, 17, 16, 0]
363;361;[0, 18, 27, 54, 41, 52, 51, 22, 21, 14, 15, 13, 12, 7, 8, 6, 9, 31, 32, 37, 36, 35, 57, 58, 56, 4, 3, 1, 2, 5, 24, 23, 45, 46, 44, 38, 43, 48, 26, 49, 39, 55, 10, 50, 47, 53, 25, 34, 40, 42, 11, 33, 28, 29, 30, 20, 19, 17, 16, 0]
364;362;[0, 2, 1, 23, 24, 45, 46, 44, 38, 43, 48, 26, 49, 39, 55, 10, 50, 47, 53, 25, 34, 40, 42, 11, 33, 28, 29, 30, 20, 19, 17, 16, 18, 27, 54, 41, 52, 51, 22, 21, 14, 15, 13, 12, 7, 8, 6, 9, 31, 32, 37, 36, 35, 57, 58, 56, 4, 5, 3, 0]
365;362;[0, 18, 27, 54, 41, 52, 51, 22, 21, 14, 15, 13, 12, 7, 8, 6, 9, 32, 31, 37, 36, 35, 57, 58, 56, 4, 5, 3, 2, 1, 24, 23, 45, 46, 44, 30, 29, 28, 38, 43, 48, 26, 49, 39, 55, 10, 50, 47, 53, 25, 34, 40, 42, 11, 33, 20, 19, 17, 16, 0]
366;360;[0, 18, 27, 54, 41, 52, 51, 22, 21, 14, 15, 13, 12, 7, 8, 6, 9, 32, 31, 57, 35, 36, 37, 58, 56, 4, 3, 1, 2, 5, 24, 23, 45, 46, 44, 38, 43, 48, 26, 49, 39, 55, 10, 50, 47, 53, 25, 34, 40, 42, 11, 33, 28, 29, 30, 20, 19, 17, 16, 0]
367;361;[0, 18, 27, 54, 41, 52, 51, 22, 21, 14, 15, 13, 12, 7, 8, 6, 9, 32, 31, 57, 35, 36, 37, 58, 56, 4, 3, 5, 2, 1, 23, 24, 45, 46, 44, 30, 29, 28, 38, 43, 48, 26, 49, 39, 55, 10, 50, 47, 53, 25, 34, 40, 42, 11, 33, 20, 19, 17, 16, 0]
368;387;[0, 18, 1, 3, 4, 56, 58, 37, 36, 35, 57, 31, 32, 8, 7, 12, 13, 14, 21, 22, 51, 52, 41, 54, 27, 15, 6, 9, 2, 5, 24, 23, 44, 46, 45, 38, 43, 48, 26, 49, 39, 55, 10, 50, 47, 53, 25, 34, 40, 42, 11, 33, 28, 29, 30, 20, 19, 17, 16, 0]
369;365;[0, 18, 27, 54, 41, 52, 51, 22, 21, 14, 15, 13, 12, 7, 8, 6, 9, 32, 31, 37, 36, 35, 57, 56, 58, 4, 3, 1, 2, 5, 24, 23, 25, 53, 34, 40, 42, 11, 33, 47, 50, 10, 55, 39, 49, 26, 48, 43, 38, 45, 46, 44, 30, 29, 28, 20, 19, 17, 16, 0]
370;383;[0, 18, 17, 16, 28, 29, 30, 44, 46, 45, 23, 24, 5, 3, 4, 37, 36, 35, 57, 31, 7, 14, 21, 22, 51, 52, 41, 54, 27, 15, 12, 13, 8, 6, 9, 32, 58, 56, 2, 1, 38, 43, 48, 26, 49, 39, 55, 10, 50, 47, 53, 25, 34, 40, 42, 11, 33, 20, 19, 0]
371;385;[0, 18, 17, 16, 37, 36, 35, 57, 31, 32, 9, 6, 8, 7, 14, 21, 22, 51, 52, 41, 54, 27, 15, 13, 12, 58, 56, 4, 3, 1, 2, 5, 24, 23, 26, 49, 39, 55, 10, 50, 47, 53, 25, 34, 40, 42, 11, 33, 48, 43, 38, 45, 46, 44, 30, 29, 28, 20, 19, 0]
372;366;[0, 18, 27, 54, 41, 52, 51, 22, 21, 14, 15, 13, 12, 7, 8, 6, 9, 32, 31, 57, 35, 36, 37, 58, 56, 4, 3, 1, 2, 5, 24, 23, 25, 34, 40, 42, 11, 53, 33, 47, 50, 10, 55, 39, 49, 26, 48, 43, 38, 45, 46, 44, 30, 29, 28, 20, 19, 17, 16, 0]
373;362;[0, 18, 27, 54, 41, 52, 51, 22, 21, 14, 15, 13, 12, 7, 8, 6, 9, 32, 31, 57, 35, 36, 37, 58, 56, 4, 3, 5, 2, 1, 23, 24, 44, 46, 45, 38, 43, 48, 26, 49, 39, 55, 10, 50, 47, 53, 25, 34, 40, 42, 11, 33, 28, 29, 30, 20, 19, 17, 16, 0]
374;385;[0, 18, 1, 3, 2, 4, 58, 37, 36, 35, 57, 31, 15, 14, 21, 22, 51, 52, 41, 54, 27, 13, 12, 7, 8, 6, 9, 32, 56, 5, 24, 23, 45, 46, 44, 38, 43, 48, 26, 49, 39, 55, 10, 50, 47, 53, 25, 34, 40, 42, 11, 33, 28, 29, 30, 20, 19, 17, 16, 0]
375;360;[0, 18, 27, 54, 41, 52, 51, 22, 21, 14, 15, 13, 12, 7, 8, 6, 9, 32, 31, 57, 35, 36, 37, 58, 56, 4, 3, 1, 2, 5, 24, 23, 45, 46, 44, 38, 43, 48, 26, 49, 39, 55, 10, 50, 47, 53, 25, 34, 40, 42, 11, 33, 28, 29, 30, 20, 19, 17, 16, 0]
376;364;[0, 18, 27, 54, 41, 52, 51, 22, 21, 14, 15, 13, 12, 7, 8, 6, 9, 32, 31, 57, 35, 36, 37, 58, 56, 4, 3, 1, 2, 5, 24, 23, 25, 53, 34, 40, 42, 11, 33, 47, 50, 10, 55, 39, 49, 26, 48, 43, 38, 45, 46, 44, 30, 29, 28, 20, 19, 17, 16, 0]
377;365;[0, 18, 17, 16, 19, 20, 44, 46, 45, 30, 29, 28, 33, 11, 42, 40, 34, 25, 53, 47, 50, 10, 55, 39, 49, 26, 48, 43, 38, 24, 23, 5, 2, 1, 3, 4, 56, 58, 37, 36, 35, 57, 31, 32, 9, 6, 8, 7, 12, 13, 15, 14, 21, 22, 51, 52, 41, 54, 27, 0]
378;361;[0, 18, 27, 54, 41, 52, 51, 22, 21, 14, 15, 13, 12, 7, 8, 6, 9, 32, 31, 57, 35, 36, 37, 58, 56, 4, 3, 1, 2, 5, 24, 23, 45, 46, 44, 38, 43, 48, 26, 49, 39, 55, 10, 50, 47, 53, 25, 34, 40, 42, 11, 33, 29, 30, 28, 20, 19, 17, 16, 0]
379;369;[0, 18, 27, 54, 41, 52, 51, 22, 21, 14, 15, 13, 12, 7, 8, 6, 9, 32, 31, 37, 36, 35, 57, 56, 58, 4, 3, 1, 2, 5, 24, 23, 44, 46, 45, 38, 43, 48, 26, 49, 39, 55, 10, 50, 47, 33, 53, 25, 11, 42, 40, 34, 28, 29, 30, 20, 19, 17, 16, 0]
380;369;[0, 18, 27, 54, 41, 52, 51, 22, 21, 14, 15, 13, 12, 7, 8, 6, 9, 32, 31, 57, 35, 36, 37, 58, 56, 4, 2, 5, 3, 1, 23, 24, 45, 46, 44, 30, 29, 28, 38, 43, 48, 26, 49, 39, 55, 10, 50, 47, 33, 53, 25, 11, 42, 40, 34, 20, 19, 17, 16, 0]
381;378;[0, 18, 27, 54, 41, 52, 51, 22, 21, 14, 15, 13, 12, 7, 8, 6, 9, 32, 31, 57, 35, 36, 37, 58, 56, 4, 5, 3, 2, 1, 24, 23, 25, 53, 34, 40, 42, 11, 33, 47, 50, 10, 55, 39, 49, 26, 38, 43, 48, 28, 29, 44, 46, 45, 30, 20, 19, 17, 16, 0]
382;360;[0, 18, 27, 54, 41, 52, 51, 22, 21, 14, 15, 13, 12, 7, 8, 6, 9, 31, 32, 57, 35, 36, 37, 58, 56, 4, 3, 1, 2, 5, 24, 23, 46, 44, 45, 38, 43, 48, 26, 49, 39, 55, 10, 50, 47, 53, 25, 34, 40, 42, 11, 33, 28, 29, 30, 20, 19, 17, 16, 0]
383;362;[0, 18, 27, 54, 41, 52, 51, 22, 21, 14, 15, 13, 12, 7, 8, 6, 9, 32, 31, 37, 36, 35, 57, 58, 56, 4, 2, 5, 3, 1, 23, 24, 45, 46, 44, 38, 43, 48, 26, 49, 39, 55, 10, 50, 47, 53, 25, 34, 40, 42, 11, 33, 28, 29, 30, 20, 19, 17, 16, 0]
384;363;[0, 18, 27, 54, 41, 52, 51, 22, 21, 14, 15, 13, 12, 7, 8, 6, 9, 32, 31, 37, 36, 35, 57, 58, 56, 4, 5, 3, 2, 1, 23, 24, 44, 46, 45, 38, 43, 48, 26, 49, 39, 55, 10, 50, 47, 53, 25, 34, 40, 42, 11, 33, 28, 29, 30, 20, 19, 17, 16, 0]
385;360;[0, 15, 13, 12, 7, 8, 6, 9, 32, 31, 57, 35, 36, 37, 58, 56, 4, 3, 1, 2, 5, 24, 23, 45, 46, 44, 30, 29, 28, 48, 43, 38, 26, 49, 39, 55, 10, 50, 47, 53, 25, 34, 40, 42, 11, 33, 20, 19, 17, 16, 18, 27, 54, 41, 52, 51, 22, 21, 14, 0]
386;360;[0, 18, 27, 54, 41, 52, 51, 22, 21, 14, 15, 13, 12, 7, 8, 6, 9, 32, 31, 57, 35, 36, 37, 58, 56, 4, 3, 1, 2, 5, 24, 23, 45, 46, 44, 38, 43, 48, 26, 49, 39, 55, 10, 50, 47, 53, 25, 34, 40, 42, 11, 33, 28, 29, 30, 20, 19, 17, 16, 0]
387;367;[0, 18, 28, 29, 30, 44, 46, 45, 23, 24, 51, 52, 41, 54, 27, 22, 21, 14, 15, 13, 12, 7, 8, 6, 9, 32, 31, 57, 35, 36, 37, 58, 56, 4, 3, 1, 2, 5, 38, 43, 48, 26, 49, 39, 55, 10, 50, 47, 53, 25, 34, 40, 42, 11, 33, 20, 19, 17, 16, 0]
388;369;[0, 18, 27, 54, 41, 52, 51, 22, 21, 14, 15, 13, 12, 7, 8, 6, 9, 32, 31, 37, 36, 35, 57, 56, 58, 4, 5, 2, 3, 1, 23, 24, 38, 43, 48, 26, 49, 39, 55, 10, 50, 47, 33, 34, 40, 42, 11, 53, 25, 45, 46, 44, 30, 29, 28, 20, 19, 17, 16, 0]
389;365;[0, 18, 54, 41, 27, 51, 52, 22, 21, 14, 15, 13, 12, 7, 8, 6, 9, 32, 31, 57, 35, 36, 37, 58, 56, 4, 3, 1, 2, 5, 24, 23, 44, 46, 45, 38, 43, 48, 26, 49, 39, 55, 10, 50, 47, 53, 25, 34, 40, 42, 11, 33, 28, 29, 30, 20, 19, 17, 16, 0]
390;360;[0, 18, 27, 54, 41, 52, 51, 22, 21, 14, 15, 13, 12, 7, 8, 6, 9, 32, 31, 57, 35, 36, 37, 58, 56, 4, 2, 1, 3, 5, 24, 23, 45, 46, 44, 38, 43, 48, 26, 49, 39, 55, 10, 50, 47, 53, 25, 34, 40, 42, 11, 33, 28, 29, 30, 20, 19, 17, 16, 0]
391;360;[0, 18, 27, 54, 41, 52, 51, 22, 21, 14, 15, 13, 12, 7, 8, 6, 9, 32, 31, 57, 35, 36, 37, 58, 56, 4, 3, 1, 2, 5, 24, 23, 45, 46, 44, 38, 43, 48, 26, 49, 39, 55, 10, 50, 47, 53, 25, 34, 40, 42, 11, 33, 28, 29, 30, 20, 19, 17, 16, 0]
392;377;[0, 18, 27, 54, 41, 52, 51, 22, 21, 14, 15, 13, 12, 7, 8, 6, 9, 32, 31, 57, 35, 36, 37, 58, 56, 4, 5, 2, 3, 1, 24, 23, 45, 46, 44, 30, 29, 28, 38, 43, 48, 26, 49, 39, 55, 10, 50, 47, 33, 11, 53, 25, 34, 42, 40, 20, 19, 17, 16, 0]
393;360;[0, 18, 27, 54, 41, 52, 51, 22, 21, 14, 15, 13, 12, 7, 8, 6, 9, 32, 31, 57, 35, 36, 37, 58, 56, 4, 3, 1, 2, 5, 24, 23, 45, 46, 44, 38, 43, 48, 26, 49, 39, 55, 10, 50, 47, 53, 25, 34, 40, 42, 11, 33, 28, 29, 30, 20, 19, 17, 16, 0]
394;364;[0, 4, 56, 58, 37, 36, 35, 57, 31, 32, 9, 6, 8, 7, 12, 13, 15, 14, 21, 22, 51, 52, 41, 54, 27, 18, 16, 17, 19, 20, 33, 11, 42, 40, 34, 25, 53, 47, 50, 10, 55, 39, 49, 26, 38, 43, 48, 28, 29, 30, 44, 46, 45, 23, 24, 5, 2, 1, 3, 0]
395;367;[0, 18, 27, 54, 41, 52, 51, 22, 21, 14, 15, 13, 12, 7, 8, 6, 9, 32, 31, 57, 35, 36, 37, 58, 56, 4, 3, 1, 2, 5, 24, 23, 45, 46, 44, 38, 43, 48, 26, 49, 39, 55, 10, 50, 47, 33, 53, 25, 11, 42, 40, 34, 28, 29, 30, 20, 19, 17, 16, 0]
396;367;[0, 18, 27, 54, 41, 52, 51, 22, 21, 14, 15, 13, 12, 7, 8, 6, 9, 32, 31, 37, 36, 35, 57, 58, 56, 4, 3, 5, 2, 1, 23, 24, 44, 46, 45, 38, 43, 48, 26, 49, 39, 55, 10, 50, 47, 25, 34, 40, 42, 11, 53, 33, 28, 29, 30, 20, 19, 17, 16, 0]
397;367;[0, 18, 27, 54, 41, 52, 51, 22, 21, 14, 15, 13, 12, 7, 8, 6, 9, 32, 31, 37, 36, 35, 57, 58, 56, 4, 5, 3, 2, 1, 23, 24, 44, 46, 45, 38, 43, 48, 26, 49, 39, 55, 10, 50, 47, 25, 34, 40, 42, 11, 53, 33, 28, 29, 30, 20, 19, 17, 16, 0]
398;360;[0, 18, 27, 54, 41, 52, 51, 22, 21, 14, 15, 13, 12, 7, 8, 6, 9, 32, 31, 57, 35, 36, 37, 58, 56, 4, 3, 1, 2, 5, 24, 23, 45, 46, 44, 38, 43, 48, 26, 49, 39, 55, 10, 50, 47, 53, 25, 34, 40, 42, 11, 33, 28, 29, 30, 20, 19, 17, 16, 0]
399;364;[0, 10, 55, 39, 49, 26, 48, 43, 38, 28, 29, 30, 44, 46, 45, 23, 24, 5, 2, 1, 3, 4, 56, 58, 37, 36, 35, 57, 31, 32, 9, 6, 8, 7, 12, 13, 15, 14, 21, 22, 51, 52, 41, 54, 27, 18, 16, 17, 19, 20, 33, 11, 42, 40, 34, 25, 53, 47, 50, 0]
400;365;[0, 18, 27, 54, 41, 52, 51, 22, 21, 14, 15, 13, 12, 7, 8, 6, 9, 32, 31, 57, 35, 36, 37, 58, 56, 4, 3, 1, 2, 5, 24, 23, 26, 49, 39, 55, 10, 50, 47, 53, 25, 34, 40, 42, 11, 33, 48, 43, 38, 45, 46, 44, 30, 29, 28, 20, 19, 17, 16, 0]
401;363;[0, 18, 27, 54, 41, 52, 51, 22, 21, 14, 15, 13, 12, 7, 8, 6, 9, 32, 31, 37, 36, 35, 57, 56, 58, 4, 3, 5, 2, 1, 23, 24, 44, 46, 45, 38, 43, 48, 26, 49, 39, 55, 10, 50, 47, 53, 25, 34, 40, 42, 11, 33, 28, 29, 30, 20, 19, 17, 16, 0]
402;360;[0, 18, 27, 54, 41, 52, 51, 22, 21, 14, 15, 13, 12, 7, 8, 6, 9, 32, 31, 57, 35, 36, 37, 58, 56, 4, 3, 1, 2, 5, 24, 23, 45, 46, 44, 38, 43, 48, 26, 49, 39, 55, 10, 50, 47, 53, 25, 34, 40, 42, 11, 33, 28, 29, 30, 20, 19, 17, 16, 0]
403;360;[0, 18, 27, 54, 41, 52, 51, 22, 21, 14, 15, 13, 12, 7, 8, 6, 9, 32, 31, 57, 35, 36, 37, 58, 56, 4, 3, 1, 2, 5, 24, 23, 45, 46, 44, 38, 43, 48, 26, 49, 39, 55, 10, 50, 47, 53, 25, 34, 40, 42, 11, 33, 28, 29, 30, 20, 19, 17, 16, 0]
404;387;[0, 18, 3, 56, 58, 37, 36, 35, 57, 31, 8, 7, 12, 13, 14, 21, 22, 51, 52, 41, 54, 27, 15, 6, 9, 32, 4, 5, 2, 1, 23, 24, 44, 46, 45, 38, 43, 48, 26, 49, 39, 55, 10, 50, 47, 53, 25, 34, 40, 42, 11, 33, 28, 29, 30, 20, 19, 17, 16, 0]
405;385;[0, 56, 58, 32, 9, 6, 8, 7, 15, 14, 21, 22, 51, 52, 41, 54, 27, 13, 12, 31, 57, 35, 36, 37, 24, 23, 45, 46, 44, 38, 43, 48, 26, 49, 39, 55, 10, 50, 47, 25, 34, 40, 42, 11, 53, 33, 28, 29, 30, 20, 19, 18, 17, 16, 1, 3, 5, 2, 4, 0]
406;362;[0, 18, 27, 54, 41, 52, 51, 22, 21, 14, 15, 13, 12, 7, 8, 6, 9, 32, 31, 37, 36, 35, 57, 58, 56, 4, 3, 1, 2, 5, 24, 23, 44, 46, 45, 38, 43, 48, 26, 49, 39, 55, 10, 50, 47, 53, 25, 34, 40, 42, 11, 33, 28, 29, 30, 20, 19, 17, 16, 0]
407;384;[0, 18, 17, 16, 1, 3, 4, 37, 36, 35, 57, 31, 9, 6, 8, 13, 12, 15, 27, 54, 41, 52, 51, 22, 21, 14, 7, 32, 58, 56, 2, 5, 24, 23, 45, 46, 44, 38, 43, 48, 26, 49, 39, 55, 10, 50, 47, 53, 25, 34, 40, 42, 11, 33, 28, 29, 30, 20, 19, 0]
408;360;[0, 18, 27, 54, 41, 52, 51, 22, 21, 14, 15, 13, 12, 7, 8, 6, 9, 32, 31, 57, 35, 36, 37, 58, 56, 4, 3, 1, 2, 5, 24, 23, 45, 46, 44, 38, 43, 48, 26, 49, 39, 55, 10, 50, 47, 53, 25, 34, 40, 42, 11, 33, 28, 29, 30, 20, 19, 17, 16, 0]
409;360;[0, 18, 27, 54, 41, 52, 51, 22, 21, 14, 15, 13, 12, 7, 8, 6, 9, 32, 31, 57, 35, 36, 37, 58, 56, 4, 3, 1, 2, 5, 24, 23, 45, 46, 44, 38, 43, 48, 26, 49, 39, 55, 10, 50, 47, 53, 25, 34, 40, 42, 11, 33, 28, 29, 30, 20, 19, 17, 16, 0]
410;364;[0, 18, 27, 54, 41, 52, 51, 22, 21, 14, 15, 13, 12, 7, 8, 6, 9, 32, 31, 57, 35, 36, 37, 58, 56, 4, 3, 1, 2, 5, 24, 23, 38, 43, 48, 26, 49, 39, 55, 10, 50, 47, 53, 25, 34, 40, 42, 11, 33, 28, 29, 30, 45, 46, 44, 20, 19, 17, 16, 0]
411;366;[0, 18, 17, 16, 28, 29, 30, 44, 46, 45, 23, 24, 51, 52, 41, 54, 27, 22, 21, 14, 15, 13, 12, 7, 8, 6, 9, 32, 31, 57, 35, 36, 37, 58, 56, 4, 3, 1, 2, 5, 38, 43, 48, 26, 49, 39, 55, 10, 50, 47, 53, 25, 34, 40, 42, 11, 33, 20, 19, 0]
412;360;[0, 18, 27, 54, 41, 52, 51, 22, 21, 14, 15, 13, 12, 7, 8, 6, 9, 32, 31, 57, 35, 36, 37, 58, 56, 4, 3, 1, 2, 5, 24, 23, 45, 46, 44, 38, 43, 48, 26, 49, 39, 55, 10, 50, 47, 53, 25, 34, 40, 42, 11, 33, 28, 29, 30, 20, 19, 17, 16, 0]
413;375;[0, 18, 27, 54, 41, 52, 51, 22, 21, 14, 15, 13, 12, 7, 8, 6, 9, 31, 32, 57, 35, 36, 37, 58, 56, 4, 3, 1, 2, 5, 24, 23, 45, 46, 44, 30, 29, 48, 43, 38, 26, 49, 55, 10, 50, 47, 53, 25, 34, 40, 42, 11, 33, 39, 28, 20, 19, 17, 16, 0]
414;361;[0, 18, 27, 54, 41, 52, 51, 22, 21, 14, 15, 13, 12, 7, 8, 6, 9, 32, 31, 57, 35, 36, 37, 58, 56, 4, 3, 1, 2, 5, 24, 23, 44, 46, 45, 38, 43, 48, 26, 49, 39, 55, 10, 50, 47, 53, 25, 34, 40, 42, 11, 33, 28, 29, 30, 20, 19, 17, 16, 0]
415;360;[0, 18, 27, 54, 41, 52, 51, 22, 21, 14, 15, 13, 12, 7, 8, 6, 9, 32, 31, 57, 35, 36, 37, 58, 56, 4, 3, 1, 2, 5, 24, 23, 45, 46, 44, 38, 43, 48, 26, 49, 39, 55, 10, 50, 47, 53, 25, 34, 40, 42, 11, 33, 28, 29, 30, 20, 19, 17, 16, 0]
416;389;[0, 18, 37, 36, 35, 57, 31, 32, 9, 15, 14, 21, 22, 51, 52, 41, 54, 27, 13, 12, 7, 8, 6, 58, 56, 4, 2, 1, 3, 5, 24, 23, 38, 43, 48, 26, 49, 39, 55, 10, 50, 47, 25, 34, 40, 42, 11, 53, 33, 28, 29, 30, 44, 46, 45, 16, 17, 20, 19, 0]
417;360;[0, 18, 27, 54, 41, 52, 51, 22, 21, 14, 15, 13, 12, 7, 8, 6, 9, 32, 31, 57, 35, 36, 37, 58, 56, 4, 3, 1, 2, 5, 24, 23, 45, 46, 44, 30, 29, 28, 38, 43, 48, 26, 49, 39, 55, 10, 50, 47, 53, 25, 34, 40, 42, 11, 33, 20, 19, 17, 16, 0]
418;361;[0, 18, 17, 16, 27, 54, 41, 52, 51, 22, 21, 14, 15, 13, 12, 7, 8, 6, 9, 31, 32, 57, 35, 36, 37, 58, 56, 4, 3, 1, 2, 5, 24, 23, 45, 46, 44, 38, 43, 48, 26, 49, 39, 55, 10, 50, 47, 53, 25, 34, 40, 42, 11, 33, 28, 29, 30, 20, 19, 0]
419;371;[0, 18, 27, 54, 41, 52, 51, 22, 21, 14, 15, 13, 12, 7, 8, 6, 9, 32, 31, 37, 36, 35, 57, 58, 56, 4, 5, 2, 3, 1, 23, 24, 44, 46, 45, 38, 43, 48, 26, 49, 39, 55, 10, 50, 47, 33, 11, 53, 25, 42, 40, 34, 28, 29, 30, 20, 19, 17, 16, 0]
420;361;[0, 18, 27, 54, 41, 52, 51, 22, 21, 14, 15, 13, 12, 7, 8, 6, 9, 32, 31, 57, 35, 36, 37, 58, 56, 4, 5, 2, 3, 1, 24, 23, 45, 46, 44, 30, 29, 28, 38, 43, 48, 26, 49, 39, 55, 10, 50, 47, 53, 25, 34, 40, 42, 11, 33, 20, 19, 17, 16, 0]
421;366;[0, 18, 27, 54, 41, 52, 51, 22, 21, 14, 15, 13, 12, 7, 8, 6, 9, 31, 32, 37, 35, 36, 57, 56, 58, 4, 2, 1, 3, 5, 24, 23, 25, 53, 34, 40, 42, 11, 33, 47, 50, 10, 55, 39, 49, 26, 48, 43, 38, 45, 46, 44, 30, 29, 28, 16, 17, 20, 19, 0]
422;362;[0, 18, 27, 54, 41, 52, 51, 22, 21, 14, 15, 13, 12, 7, 8, 6, 9, 32, 31, 37, 36, 35, 57, 58, 56, 4, 3, 1, 2, 5, 24, 23, 45, 44, 46, 38, 43, 48, 26, 49, 39, 55, 10, 50, 47, 53, 25, 34, 40, 42, 11, 33, 28, 29, 30, 20, 19, 17, 16, 0]
423;361;[0, 18, 27, 54, 41, 52, 51, 22, 21, 14, 15, 13, 12, 7, 8, 6, 9, 32, 31, 57, 35, 36, 37, 58, 56, 4, 3, 1, 2, 5, 24, 23, 45, 46, 44, 38, 43, 48, 26, 49, 39, 55, 10, 50, 47, 53, 25, 34, 40, 42, 11, 33, 29, 30, 28, 20, 19, 17, 16, 0]
424;361;[0, 18, 27, 54, 41, 52, 51, 22, 21, 14, 15, 13, 12, 7, 8, 6, 9, 32, 31, 57, 35, 36, 37, 58, 56, 4, 3, 5, 2, 1, 23, 24, 45, 46, 44, 30, 29, 28, 38, 43, 48, 26, 49, 39, 55, 10, 50, 47, 53, 25, 34, 40, 42, 11, 33, 20, 19, 17, 16, 0]
425;360;[0, 18, 27, 54, 41, 52, 51, 22, 21, 14, 15, 13, 12, 7, 8, 6, 9, 32, 31, 57, 35, 36, 37, 58, 56, 4, 3, 1, 2, 5, 24, 23, 45, 46, 44, 38, 43, 48, 26, 49, 39, 55, 10, 50, 47, 53, 25, 34, 40, 42, 11, 33, 28, 29, 30, 20, 19, 17, 16, 0]
426;381;[0, 18, 17, 16, 37, 35, 36, 31, 32, 9, 6, 8, 13, 12, 15, 27, 54, 41, 52, 51, 22, 21, 14, 7, 57, 58, 56, 4, 3, 1, 2, 5, 24, 23, 45, 46, 44, 38, 43, 48, 26, 49, 39, 55, 10, 50, 47, 53, 25, 34, 40, 42, 11, 33, 28, 29, 30, 20, 19, 0]
427;361;[0, 18, 27, 54, 41, 52, 51, 22, 21, 14, 15, 13, 12, 7, 8, 6, 9, 32, 31, 57, 35, 36, 37, 58, 56, 4, 3, 1, 2, 5, 24, 23, 44, 46, 45, 38, 43, 48, 26, 49, 39, 55, 10, 50, 47, 53, 25, 34, 40, 42, 11, 33, 28, 29, 30, 20, 19, 17, 16, 0]
428;360;[0, 18, 27, 54, 41, 52, 51, 22, 21, 14, 15, 13, 12, 7, 8, 6, 9, 32, 31, 57, 35, 36, 37, 58, 56, 4, 3, 1, 2, 5, 24, 23, 45, 46, 44, 30, 29, 28, 38, 43, 48, 26, 49, 39, 55, 10, 50, 47, 53, 25, 34, 40, 42, 11, 33, 20, 19, 17, 16, 0]
429;367;[0, 18, 28, 29, 30, 44, 46, 45, 23, 24, 51, 52, 41, 54, 27, 22, 21, 14, 15, 13, 12, 7, 8, 6, 9, 32, 31, 57, 35, 36, 37, 58, 56, 4, 5, 2, 3, 1, 38, 43, 48, 26, 49, 39, 55, 10, 50, 47, 53, 25, 34, 40, 42, 11, 33, 20, 19, 17, 16, 0]
430;361;[0, 18, 27, 54, 41, 52, 51, 22, 21, 14, 15, 13, 12, 7, 8, 6, 9, 32, 31, 57, 35, 36, 37, 58, 56, 4, 3, 5, 2, 1, 23, 24, 45, 46, 44, 30, 29, 28, 38, 43, 48, 26, 49, 39, 55, 10, 50, 47, 53, 25, 34, 40, 42, 11, 33, 20, 19, 17, 16, 0]
431;361;[0, 18, 27, 54, 41, 52, 51, 22, 21, 14, 15, 13, 12, 7, 8, 6, 9, 32, 31, 57, 35, 36, 37, 58, 56, 4, 3, 1, 2, 5, 24, 23, 44, 46, 45, 38, 43, 48, 26, 49, 39, 55, 10, 50, 47, 53, 25, 34, 40, 42, 11, 33, 28, 29, 30, 20, 19, 17, 16, 0]
432;367;[0, 18, 16, 17, 19, 20, 33, 11, 42, 40, 34, 25, 53, 47, 50, 10, 55, 39, 49, 26, 48, 43, 38, 23, 24, 51, 52, 41, 54, 27, 22, 21, 14, 15, 13, 12, 7, 8, 6, 9, 32, 31, 37, 36, 35, 57, 58, 56, 4, 2, 5, 3, 1, 45, 46, 44, 30, 29, 28, 0]
433;365;[0, 18, 27, 54, 41, 52, 51, 22, 21, 14, 15, 13, 12, 7, 8, 6, 9, 32, 31, 37, 36, 35, 57, 58, 56, 4, 3, 1, 2, 5, 24, 23, 46, 44, 45, 38, 43, 48, 26, 49, 39, 55, 10, 50, 47, 25, 34, 40, 42, 11, 53, 33, 28, 29, 30, 20, 19, 17, 16, 0]
434;367;[0, 18, 27, 54, 41, 52, 51, 22, 21, 14, 15, 13, 12, 7, 8, 6, 9, 31, 32, 57, 37, 35, 36, 56, 58, 4, 5, 2, 3, 1, 23, 24, 44, 46, 45, 38, 43, 48, 26, 49, 39, 55, 10, 50, 47, 25, 34, 40, 42, 11, 53, 33, 28, 29, 30, 20, 19, 17, 16, 0]
435;362;[0, 18, 27, 54, 41, 52, 51, 22, 21, 14, 15, 13, 12, 7, 8, 6, 9, 32, 31, 57, 35, 36, 37, 58, 56, 4, 5, 3, 2, 1, 23, 24, 44, 46, 45, 38, 43, 48, 26, 49, 39, 55, 10, 50, 47, 53, 25, 34, 40, 42, 11, 33, 28, 29, 30, 20, 19, 17, 16, 0]
436;381;[0, 18, 17, 16, 37, 35, 36, 31, 32, 9, 6, 8, 13, 12, 15, 27, 54, 41, 52, 51, 22, 21, 14, 7, 57, 58, 56, 4, 3, 1, 2, 5, 24, 23, 45, 46, 44, 38, 43, 48, 26, 49, 39, 55, 10, 50, 47, 53, 25, 34, 40, 42, 11, 33, 28, 29, 30, 20, 19, 0]
437;385;[0, 18, 3, 1, 2, 56, 58, 57, 37, 35, 36, 31, 7, 12, 13, 14, 21, 22, 51, 52, 41, 54, 27, 15, 8, 6, 9, 32, 4, 5, 24, 23, 45, 46, 44, 38, 43, 48, 26, 49, 39, 55, 10, 50, 47, 53, 25, 34, 40, 42, 11, 33, 28, 29, 30, 20, 19, 17, 16, 0]
438;365;[0, 18, 27, 54, 41, 52, 51, 22, 21, 14, 15, 13, 12, 7, 8, 6, 9, 32, 31, 57, 35, 36, 37, 58, 56, 4, 3, 1, 2, 5, 24, 23, 45, 46, 44, 30, 29, 48, 43, 38, 26, 49, 39, 55, 10, 50, 47, 53, 25, 34, 40, 42, 11, 33, 28, 20, 19, 17, 16, 0]
439;360;[0, 18, 27, 54, 41, 52, 51, 22, 21, 14, 15, 13, 12, 7, 8, 6, 9, 32, 31, 57, 35, 36, 37, 58, 56, 4, 3, 1, 2, 5, 24, 23, 45, 46, 44, 38, 43, 48, 26, 49, 39, 55, 10, 50, 47, 53, 25, 34, 40, 42, 11, 33, 28, 29, 30, 20, 19, 17, 16, 0]
440;360;[0, 18, 27, 54, 41, 52, 51, 22, 21, 14, 15, 13, 12, 7, 8, 6, 9, 32, 31, 57, 35, 36, 37, 58, 56, 4, 3, 1, 2, 5, 24, 23, 45, 46, 44, 38, 43, 48, 26, 49, 39, 55, 10, 50, 47, 53, 25, 34, 40, 42, 11, 33, 28, 29, 30, 20, 19, 17, 16, 0]
441;360;[0, 18, 27, 54, 41, 52, 51, 22, 21, 14, 15, 13, 12, 7, 8, 6, 9, 32, 31, 57, 35, 36, 37, 58, 56, 4, 3, 1, 2, 5, 24, 23, 45, 46, 44, 38, 43, 48, 26, 49, 39, 55, 10, 50, 47, 53, 25, 34, 40, 42, 11, 33, 28, 29, 30, 20, 19, 17, 16, 0]
442;360;[0, 18, 27, 54, 41, 52, 51, 22, 21, 14, 15, 13, 12, 7, 8, 6, 9, 32, 31, 57, 35, 36, 37, 58, 56, 4, 2, 1, 3, 5, 24, 23, 45, 46, 44, 38, 43, 48, 26, 49, 39, 55, 10, 50, 47, 53, 25, 34, 40, 42, 11, 33, 28, 29, 30, 20, 19, 17, 16, 0]
443;360;[0, 9, 32, 31, 57, 35, 36, 37, 58, 56, 4, 3, 1, 2, 5, 24, 23, 45, 46, 44, 38, 43, 48, 26, 49, 39, 55, 10, 50, 47, 53, 25, 34, 40, 42, 11, 33, 28, 29, 30, 20, 19, 17, 16, 18, 27, 54, 41, 52, 51, 22, 21, 14, 15, 13, 12, 7, 8, 6, 0]
444;360;[0, 18, 27, 54, 41, 52, 51, 22, 21, 14, 15, 13, 12, 7, 8, 6, 9, 32, 31, 57, 35, 36, 37, 58, 56, 4, 3, 1, 2, 5, 24, 23, 45, 46, 44, 38, 43, 48, 26, 49, 39, 55, 10, 50, 47, 53, 25, 34, 40, 42, 11, 33, 28, 29, 30, 20, 19, 17, 16, 0]
445;361;[0, 18, 27, 54, 41, 52, 51, 22, 21, 14, 15, 13, 12, 7, 8, 6, 9, 32, 31, 57, 35, 36, 37, 58, 56, 4, 5, 2, 3, 1, 24, 23, 45, 46, 44, 30, 29, 28, 48, 43, 38, 26, 49, 39, 55, 10, 50, 47, 53, 25, 34, 40, 42, 11, 33, 20, 19, 17, 16, 0]
446;364;[0, 45, 44, 20, 19, 17, 16, 18, 27, 54, 41, 52, 51, 22, 21, 14, 15, 13, 12, 7, 8, 6, 9, 32, 31, 57, 35, 36, 37, 58, 56, 4, 3, 1, 2, 5, 24, 23, 38, 43, 48, 26, 49, 39, 55, 10, 50, 47, 53, 25, 34, 40, 42, 11, 33, 28, 29, 30, 46, 0]
447;361;[0, 18, 27, 54, 41, 52, 51, 22, 21, 14, 15, 13, 12, 7, 8, 6, 9, 32, 31, 57, 35, 36, 37, 58, 56, 4, 3, 1, 2, 5, 24, 23, 44, 46, 45, 38, 43, 48, 26, 49, 39, 55, 10, 50, 47, 53, 25, 34, 40, 42, 11, 33, 28, 29, 30, 20, 19, 17, 16, 0]
448;361;[0, 18, 27, 54, 41, 52, 51, 22, 21, 14, 15, 13, 12, 7, 8, 6, 9, 32, 31, 57, 35, 36, 37, 58, 56, 4, 3, 1, 2, 5, 24, 23, 45, 46, 44, 38, 43, 48, 26, 49, 39, 55, 10, 50, 47, 53, 25, 34, 40, 42, 11, 33, 28, 29, 30, 16, 17, 20, 19, 0]
449;362;[0, 18, 17, 16, 19, 20, 30, 29, 28, 33, 11, 42, 40, 34, 25, 53, 47, 50, 10, 55, 39, 49, 26, 48, 43, 38, 44, 46, 45, 23, 24, 5, 2, 1, 3, 4, 56, 58, 37, 36, 35, 57, 31, 32, 9, 6, 8, 7, 12, 13, 15, 14, 21, 22, 51, 52, 41, 54, 27, 0]
450;362;[0, 30, 29, 28, 33, 11, 42, 40, 34, 25, 53, 47, 50, 10, 55, 39, 49, 26, 48, 43, 38, 44, 46, 45, 23, 24, 5, 3, 1, 2, 4, 56, 58, 57, 35, 36, 37, 31, 32, 9, 6, 8, 7, 12, 13, 15, 14, 21, 22, 51, 52, 41, 54, 27, 18, 19, 20, 17, 16, 0]
451;361;[0, 18, 27, 54, 41, 52, 51, 22, 21, 14, 15, 13, 12, 7, 8, 6, 9, 32, 31, 37, 36, 35, 57, 58, 56, 4, 3, 1, 2, 5, 24, 23, 45, 46, 44, 38, 43, 48, 26, 49, 39, 55, 10, 50, 47, 53, 25, 34, 40, 42, 11, 33, 28, 29, 30, 20, 19, 17, 16, 0]
452;381;[0, 18, 17, 16, 37, 36, 35, 57, 31, 32, 9, 6, 8, 13, 12, 15, 27, 54, 41, 52, 51, 22, 21, 14, 7, 58, 56, 4, 3, 1, 2, 5, 24, 23, 45, 46, 44, 30, 29, 28, 38, 43, 48, 26, 49, 39, 55, 10, 50, 47, 53, 25, 34, 40, 42, 11, 33, 20, 19, 0]
453;360;[0, 29, 30, 20, 19, 17, 16, 18, 27, 54, 41, 52, 51, 22, 21, 14, 15, 13, 12, 7, 8, 6, 9, 32, 31, 57, 35, 36, 37, 58, 56, 4, 3, 1, 2, 5, 24, 23, 45, 46, 44, 38, 43, 48, 26, 49, 39, 55, 10, 50, 47, 53, 25, 34, 40, 42, 11, 33, 28, 0]
454;363;[0, 18, 27, 54, 41, 52, 51, 22, 21, 14, 15, 13, 12, 7, 8, 6, 9, 32, 31, 57, 37, 35, 36, 56, 58, 4, 5, 2, 3, 1, 23, 24, 45, 44, 46, 38, 43, 48, 26, 49, 39, 55, 10, 50, 47, 53, 25, 34, 40, 42, 11, 33, 28, 29, 30, 20, 19, 17, 16, 0]
455;360;[0, 18, 27, 54, 41, 52, 51, 22, 21, 14, 15, 13, 12, 7, 8, 6, 9, 32, 31, 57, 35, 36, 37, 58, 56, 4, 3, 1, 2, 5, 24, 23, 45, 46, 44, 30, 29, 28, 48, 38, 43, 26, 49, 39, 55, 10, 50, 47, 53, 25, 34, 40, 42, 11, 33, 20, 19, 17, 16, 0]
456;367;[0, 18, 28, 29, 30, 44, 46, 45, 23, 24, 51, 52, 41, 54, 27, 22, 21, 14, 15, 13, 12, 7, 8, 6, 9, 32, 31, 57, 35, 36, 37, 58, 56, 4, 2, 5, 3, 1, 38, 43, 48, 26, 49, 39, 55, 10, 50, 47, 53, 25, 34, 40, 42, 11, 33, 20, 19, 17, 16, 0]
457;360;[0, 18, 27, 54, 41, 52, 51, 22, 21, 14, 15, 13, 12, 7, 8, 6, 9, 32, 31, 57, 35, 36, 37, 58, 56, 4, 3, 1, 2, 5, 24, 23, 45, 46, 44, 38, 43, 48, 26, 49, 39, 55, 10, 50, 47, 53, 25, 34, 40, 42, 11, 33, 28, 29, 30, 20, 19, 17, 16, 0]
458;364;[0, 18, 27, 54, 41, 52, 51, 22, 21, 14, 15, 13, 12, 7, 8, 6, 9, 32, 31, 57, 35, 36, 37, 58, 56, 4, 3, 1, 2, 5, 24, 23, 45, 46, 44, 38, 43, 48, 26, 49, 39, 55, 10, 50, 47, 25, 34, 40, 42, 11, 53, 33, 28, 29, 30, 20, 19, 17, 16, 0]
459;391;[0, 18, 17, 16, 37, 36, 35, 57, 31, 32, 9, 6, 8, 13, 12, 15, 27, 54, 41, 52, 51, 22, 21, 14, 7, 58, 56, 4, 3, 1, 2, 5, 24, 23, 45, 46, 44, 38, 43, 48, 26, 49, 55, 10, 50, 47, 53, 25, 34, 40, 42, 11, 33, 39, 28, 29, 30, 20, 19, 0]
460;362;[0, 18, 27, 54, 41, 52, 51, 22, 21, 14, 15, 13, 12, 7, 8, 6, 9, 32, 31, 37, 36, 35, 57, 58, 56, 4, 3, 5, 2, 1, 23, 24, 45, 46, 44, 38, 43, 48, 26, 49, 39, 55, 10, 50, 47, 53, 25, 34, 40, 42, 11, 33, 28, 29, 30, 20, 19, 17, 16, 0]
461;360;[0, 18, 27, 54, 41, 52, 51, 22, 21, 14, 15, 13, 12, 7, 8, 6, 9, 32, 31, 57, 35, 36, 37, 58, 56, 4, 3, 1, 2, 5, 24, 23, 45, 46, 44, 38, 43, 48, 26, 49, 39, 55, 10, 50, 47, 53, 25, 34, 40, 42, 11, 33, 28, 29, 30, 20, 19, 17, 16, 0]
462;361;[0, 18, 27, 54, 41, 52, 51, 22, 21, 14, 15, 13, 12, 7, 8, 6, 9, 32, 31, 57, 35, 36, 37, 58, 56, 4, 3, 1, 2, 5, 24, 23, 44, 46, 45, 38, 43, 48, 26, 49, 39, 55, 10, 50, 47, 53, 25, 34, 40, 42, 11, 33, 28, 29, 30, 20, 19, 17, 16, 0]
463;364;[0, 18, 27, 54, 41, 52, 51, 22, 21, 14, 15, 13, 12, 7, 8, 6, 9, 32, 31, 57, 35, 36, 37, 58, 56, 4, 3, 1, 2, 5, 24, 23, 38, 43, 48, 26, 49, 39, 55, 10, 50, 47, 53, 25, 34, 40, 42, 11, 33, 28, 29, 44, 46, 45, 30, 20, 19, 17, 16, 0]
464;360;[0, 18, 27, 54, 41, 52, 51, 22, 21, 14, 15, 13, 12, 7, 8, 6, 9, 32, 31, 57, 35, 36, 37, 58, 56, 4, 3, 1, 2, 5, 24, 23, 45, 46, 44, 38, 43, 48, 26, 49, 39, 55, 10, 50, 47, 53, 25, 34, 40, 42, 11, 33, 28, 29, 30, 20, 19, 17, 16, 0]
465;364;[0, 18, 27, 54, 41, 52, 51, 22, 21, 14, 15, 13, 12, 7, 8, 6, 9, 32, 31, 57, 35, 36, 37, 58, 56, 4, 3, 1, 2, 5, 24, 23, 25, 53, 34, 40, 42, 11, 33, 47, 50, 10, 55, 39, 49, 26, 48, 43, 38, 45, 46, 44, 30, 29, 28, 20, 19, 17, 16, 0]
466;360;[0, 18, 27, 54, 41, 52, 51, 22, 21, 14, 15, 13, 12, 7, 8, 6, 9, 32, 31, 57, 35, 36, 37, 58, 56, 4, 3, 1, 2, 5, 24, 23, 45, 46, 44, 30, 29, 28, 38, 43, 48, 26, 49, 39, 55, 10, 50, 47, 53, 25, 34, 40, 42, 11, 33, 20, 19, 17, 16, 0]
467;366;[0, 18, 27, 54, 41, 52, 51, 22, 21, 14, 15, 13, 12, 7, 8, 6, 9, 32, 31, 57, 35, 36, 37, 58, 56, 4, 3, 1, 2, 5, 24, 23, 25, 34, 40, 42, 11, 53, 33, 47, 50, 10, 55, 39, 49, 26, 48, 43, 38, 45, 46, 44, 30, 29, 28, 20, 19, 17, 16, 0]
468;367;[0, 18, 28, 29, 30, 44, 46, 45, 23, 24, 51, 52, 41, 54, 27, 22, 21, 14, 15, 13, 12, 7, 8, 6, 9, 31, 32, 57, 35, 36, 37, 58, 56, 4, 3, 1, 2, 5, 38, 43, 48, 26, 49, 39, 55, 10, 50, 47, 53, 25, 34, 40, 42, 11, 33, 20, 19, 17, 16, 0]
469;360;[0, 18, 27, 54, 41, 52, 51, 22, 21, 14, 15, 13, 12, 7, 8, 6, 9, 32, 31, 57, 35, 36, 37, 58, 56, 4, 3, 1, 2, 5, 24, 23, 45, 46, 44, 38, 43, 48, 26, 49, 39, 55, 10, 50, 47, 53, 25, 34, 40, 42, 11, 33, 28, 29, 30, 20, 19, 17, 16, 0]
470;382;[0, 18, 1, 2, 3, 4, 58, 31, 32, 9, 6, 8, 15, 27, 54, 41, 52, 51, 22, 21, 14, 13, 12, 7, 37, 36, 35, 57, 56, 5, 24, 23, 45, 46, 44, 38, 43, 48, 26, 49, 39, 55, 10, 50, 47, 53, 25, 34, 40, 42, 11, 33, 28, 29, 30, 20, 19, 17, 16, 0]
471;361;[0, 18, 27, 54, 41, 52, 51, 22, 21, 14, 15, 13, 12, 7, 8, 6, 9, 32, 31, 37, 36, 35, 57, 58, 56, 4, 3, 1, 2, 5, 24, 23, 45, 46, 44, 38, 43, 48, 26, 49, 39, 55, 10, 50, 47, 53, 25, 34, 40, 42, 11, 33, 28, 29, 30, 20, 19, 17, 16, 0]
472;360;[0, 18, 27, 54, 41, 52, 51, 22, 21, 14, 15, 13, 12, 7, 8, 6, 9, 32, 31, 57, 35, 36, 37, 58, 56, 4, 3, 1, 2, 5, 24, 23, 45, 46, 44, 30, 29, 28, 38, 43, 48, 26, 49, 39, 55, 10, 50, 47, 53, 25, 34, 40, 42, 11, 33, 20, 19, 17, 16, 0]
473;360;[0, 18, 27, 54, 41, 52, 51, 22, 21, 14, 15, 13, 12, 7, 8, 6, 9, 32, 31, 57, 35, 36, 37, 58, 56, 4, 3, 1, 2, 5, 24, 23, 45, 46, 44, 38, 43, 48, 26, 49, 39, 55, 10, 50, 47, 53, 25, 34, 40, 42, 11, 33, 28, 29, 30, 20, 19, 17, 16, 0]
474;360;[0, 18, 27, 54, 41, 52, 51, 22, 21, 14, 15, 13, 12, 7, 8, 6, 9, 32, 31, 57, 35, 36, 37, 58, 56, 4, 3, 1, 2, 5, 24, 23, 45, 46, 44, 38, 43, 48, 26, 49, 39, 55, 10, 50, 47, 53, 25, 34, 40, 42, 11, 33, 28, 29, 30, 20, 19, 17, 16, 0]
475;367;[0, 18, 27, 54, 41, 52, 51, 22, 21, 14, 15, 13, 12, 7, 8, 6, 9, 32, 31, 57, 37, 35, 36, 58, 56, 4, 3, 1, 2, 5, 24, 23, 26, 49, 39, 55, 10, 50, 47, 53, 25, 34, 40, 42, 11, 33, 48, 43, 38, 45, 46, 44, 30, 29, 28, 16, 17, 20, 19, 0]
476;360;[0, 18, 27, 54, 41, 52, 51, 22, 21, 14, 15, 13, 12, 7, 8, 6, 9, 32, 31, 57, 35, 36, 37, 58, 56, 4, 3, 1, 2, 5, 24, 23, 45, 46, 44, 38, 43, 48, 26, 49, 39, 55, 10, 50, 47, 53, 25, 34, 40, 42, 11, 33, 28, 29, 30, 20, 19, 17, 16, 0]
477;360;[0, 18, 27, 54, 41, 52, 51, 22, 21, 14, 15, 13, 12, 7, 8, 6, 9, 32, 31, 57, 35, 36, 37, 58, 56, 4, 3, 1, 2, 5, 24, 23, 45, 46, 44, 38, 43, 48, 26, 49, 39, 55, 10, 50, 47, 53, 25, 34, 40, 42, 11, 33, 28, 29, 30, 20, 19, 17, 16, 0]
478;361;[0, 18, 27, 54, 41, 52, 51, 22, 21, 14, 15, 13, 12, 7, 8, 6, 9, 32, 31, 57, 35, 36, 37, 58, 56, 4, 5, 2, 3, 1, 23, 24, 45, 46, 44, 30, 29, 28, 38, 43, 48, 26, 49, 39, 55, 10, 50, 47, 53, 25, 34, 40, 42, 11, 33, 20, 19, 17, 16, 0]
479;360;[0, 18, 27, 54, 41, 52, 51, 22, 21, 14, 15, 13, 12, 7, 8, 6, 9, 32, 31, 57, 35, 36, 37, 58, 56, 4, 3, 1, 2, 5, 24, 23, 45, 46, 44, 38, 43, 48, 26, 49, 39, 55, 10, 50, 47, 53, 25, 34, 40, 42, 11, 33, 28, 29, 30, 20, 19, 17, 16, 0]
480;363;[0, 18, 27, 54, 41, 52, 51, 22, 21, 14, 15, 13, 12, 7, 8, 6, 9, 32, 31, 37, 36, 35, 57, 56, 58, 4, 5, 2, 3, 1, 23, 24, 44, 46, 45, 38, 43, 48, 26, 49, 39, 55, 10, 50, 47, 53, 25, 34, 40, 42, 11, 33, 28, 29, 30, 20, 19, 17, 16, 0]
481;360;[0, 18, 27, 54, 41, 52, 51, 22, 21, 14, 15, 13, 12, 7, 8, 6, 9, 32, 31, 57, 35, 36, 37, 58, 56, 4, 3, 1, 2, 5, 24, 23, 45, 46, 44, 38, 43, 48, 26, 49, 39, 55, 10, 50, 47, 53, 25, 34, 40, 42, 11, 33, 28, 29, 30, 20, 19, 17, 16, 0]
482;361;[0, 18, 27, 54, 41, 52, 51, 22, 21, 14, 15, 13, 12, 7, 8, 6, 9, 32, 31, 57, 35, 36, 37, 58, 56, 4, 3, 1, 2, 5, 24, 23, 44, 46, 45, 38, 43, 48, 26, 49, 39, 55, 10, 50, 47, 53, 25, 34, 40, 42, 11, 33, 28, 29, 30, 20, 19, 17, 16, 0]
483;360;[0, 18, 27, 54, 41, 52, 51, 22, 21, 14, 15, 13, 12, 7, 8, 6, 9, 32, 31, 57, 35, 36, 37, 58, 56, 4, 3, 1, 2, 5, 24, 23, 45, 46, 44, 38, 43, 48, 26, 49, 39, 55, 10, 50, 47, 53, 25, 34, 40, 42, 11, 33, 28, 29, 30, 20, 19, 17, 16, 0]
484;360;[0, 18, 27, 54, 41, 52, 51, 22, 21, 14, 15, 13, 12, 7, 8, 6, 9, 32, 31, 57, 35, 36, 37, 58, 56, 4, 3, 1, 2, 5, 24, 23, 45, 46, 44, 38, 43, 48, 26, 49, 39, 55, 10, 50, 47, 53, 25, 34, 40, 42, 11, 33, 28, 29, 30, 20, 19, 17, 16, 0]
485;367;[0, 18, 28, 29, 30, 44, 46, 45, 23, 24, 51, 52, 41, 54, 27, 22, 21, 14, 15, 13, 12, 7, 8, 6, 9, 32, 31, 57, 35, 36, 37, 58, 56, 4, 5, 2, 3, 1, 38, 43, 48, 26, 49, 39, 55, 10, 50, 47, 53, 25, 34, 40, 42, 11, 33, 20, 19, 17, 16, 0]
486;361;[0, 18, 27, 54, 41, 52, 51, 22, 21, 14, 15, 13, 12, 7, 8, 6, 9, 32, 31, 57, 35, 36, 37, 58, 56, 4, 3, 1, 2, 5, 24, 23, 45, 44, 46, 38, 43, 48, 26, 49, 39, 55, 10, 50, 47, 53, 25, 34, 40, 42, 11, 33, 28, 29, 30, 20, 19, 17, 16, 0]
487;363;[0, 18, 27, 54, 41, 52, 51, 22, 21, 14, 15, 13, 12, 7, 8, 6, 9, 32, 31, 37, 36, 35, 57, 56, 58, 4, 5, 2, 3, 1, 45, 46, 44, 30, 29, 28, 33, 11, 42, 40, 34, 25, 53, 47, 50, 10, 55, 39, 49, 26, 48, 43, 38, 24, 23, 16, 17, 20, 19, 0]
488;366;[0, 18, 27, 54, 41, 52, 51, 22, 21, 14, 15, 13, 12, 7, 8, 6, 9, 32, 31, 57, 35, 36, 37, 58, 56, 4, 3, 1, 2, 5, 24, 23, 45, 38, 43, 48, 26, 49, 39, 55, 10, 50, 47, 53, 25, 34, 40, 42, 11, 33, 28, 29, 46, 44, 30, 20, 19, 17, 16, 0]
489;365;[0, 18, 27, 54, 41, 52, 51, 22, 21, 14, 15, 13, 12, 7, 8, 6, 9, 32, 31, 57, 35, 36, 37, 58, 56, 4, 3, 1, 2, 5, 24, 23, 45, 46, 44, 30, 29, 43, 38, 48, 26, 49, 39, 55, 10, 50, 47, 53, 25, 34, 40, 42, 11, 33, 28, 20, 19, 17, 16, 0]
490;362;[0, 18, 17, 16, 27, 54, 41, 52, 51, 22, 21, 14, 15, 13, 12, 7, 8, 6, 9, 32, 31, 57, 35, 36, 37, 58, 56, 4, 5, 2, 3, 1, 24, 23, 45, 46, 44, 30, 29, 28, 38, 43, 48, 26, 49, 39, 55, 10, 50, 47, 53, 25, 34, 40, 42, 11, 33, 20, 19, 0]
491;374;[0, 18, 27, 54, 41, 52, 51, 22, 21, 14, 15, 13, 12, 7, 8, 6, 9, 32, 31, 57, 35, 36, 37, 58, 56, 4, 3, 1, 2, 5, 24, 23, 45, 46, 44, 30, 29, 28, 38, 43, 48, 26, 49, 55, 10, 50, 47, 53, 25, 34, 40, 42, 11, 33, 39, 20, 19, 17, 16, 0]
492;360;[0, 18, 27, 54, 41, 52, 51, 22, 21, 14, 15, 13, 12, 7, 8, 6, 9, 32, 31, 57, 35, 36, 37, 58, 56, 4, 2, 1, 3, 5, 24, 23, 45, 46, 44, 38, 43, 48, 26, 49, 39, 55, 10, 50, 47, 53, 25, 34, 40, 42, 11, 33, 28, 29, 30, 20, 19, 17, 16, 0]
493;362;[0, 9, 6, 8, 7, 12, 13, 15, 14, 21, 22, 51, 52, 41, 54, 27, 18, 16, 17, 19, 20, 30, 29, 28, 33, 11, 42, 40, 34, 25, 53, 47, 50, 10, 55, 39, 49, 26, 48, 43, 38, 44, 46, 45, 23, 24, 5, 2, 1, 3, 4, 56, 58, 37, 36, 35, 57, 31, 32, 0]
494;360;[0, 18, 27, 54, 41, 52, 51, 22, 21, 14, 15, 13, 12, 7, 8, 6, 9, 32, 31, 57, 35, 36, 37, 58, 56, 4, 3, 1, 2, 5, 24, 23, 46, 44, 45, 38, 43, 48, 26, 49, 39, 55, 10, 50, 47, 53, 25, 34, 40, 42, 11, 33, 28, 29, 30, 20, 19, 17, 16, 0]
495;360;[0, 18, 27, 54, 41, 52, 51, 22, 21, 14, 15, 13, 12, 7, 8, 6, 9, 32, 31, 57, 35, 36, 37, 58, 56, 4, 3, 1, 2, 5, 24, 23, 45, 46, 44, 38, 43, 48, 26, 49, 39, 55, 10, 50, 47, 53, 25, 34, 40, 42, 11, 33, 28, 29, 30, 20, 19, 17, 16, 0]
496;383;[0, 18, 37, 36, 35, 57, 31, 32, 9, 8, 13, 12, 15, 27, 54, 41, 52, 51, 22, 21, 14, 7, 6, 58, 56, 4, 3, 1, 2, 5, 24, 23, 45, 46, 44, 38, 43, 48, 26, 49, 39, 55, 10, 50, 47, 53, 25, 34, 40, 42, 11, 33, 28, 29, 30, 16, 17, 20, 19, 0]
497;364;[0, 18, 54, 41, 27, 51, 52, 22, 21, 14, 15, 13, 12, 7, 8, 6, 9, 32, 31, 57, 35, 36, 37, 58, 56, 4, 3, 1, 2, 5, 24, 23, 45, 46, 44, 38, 43, 48, 26, 49, 39, 55, 10, 50, 47, 53, 25, 34, 40, 42, 11, 33, 28, 29, 30, 20, 19, 17, 16, 0]
498;362;[0, 18, 27, 54, 41, 52, 51, 22, 21, 14, 15, 13, 12, 7, 8, 6, 9, 32, 31, 36, 35, 37, 57, 58, 56, 4, 5, 2, 3, 1, 23, 24, 45, 46, 44, 38, 43, 48, 26, 49, 39, 55, 10, 50, 47, 53, 25, 34, 40, 42, 11, 33, 28, 29, 30, 20, 19, 17, 16, 0]
499;360;[0, 18, 27, 54, 41, 52, 51, 22, 21, 14, 15, 13, 12, 7, 8, 6, 9, 32, 31, 57, 35, 36, 37, 58, 56, 4, 3, 1, 2, 5, 24, 23, 45, 46, 44, 38, 43, 48, 26, 49, 39, 55, 10, 50, 47, 53, 25, 34, 40, 42, 11, 33, 28, 29, 30, 20, 19, 17, 16, 0]
