0;364;[0, 45, 24, 23, 5, 3, 1, 2, 4, 56, 58, 57, 37, 35, 36, 31, 32, 9, 6, 8, 7, 12, 13, 15, 14, 21, 22, 51, 52, 41, 54, 27, 18, 16, 17, 19, 20, 33, 11, 42, 40, 34, 25, 53, 47, 50, 10, 55, 39, 49, 26, 38, 43, 48, 28, 29, 30, 44, 46, 0]
1;364;[0, 45, 24, 23, 5, 3, 1, 2, 4, 56, 58, 57, 37, 35, 36, 31, 32, 9, 6, 8, 7, 12, 13, 15, 14, 21, 22, 51, 52, 41, 54, 27, 18, 16, 17, 19, 20, 33, 11, 42, 40, 34, 25, 53, 47, 50, 10, 55, 39, 49, 26, 38, 43, 48, 28, 29, 30, 44, 46, 0]
2;364;[0, 45, 23, 24, 5, 3, 1, 2, 4, 56, 58, 57, 37, 35, 36, 31, 32, 9, 6, 8, 7, 12, 13, 15, 14, 21, 22, 51, 52, 41, 54, 27, 18, 16, 17, 19, 20, 33, 11, 42, 40, 34, 25, 53, 47, 50, 10, 55, 39, 49, 26, 38, 43, 48, 28, 29, 30, 44, 46, 0]
3;364;[0, 45, 23, 24, 5, 3, 1, 2, 4, 56, 58, 37, 35, 36, 57, 31, 32, 9, 6, 8, 7, 12, 13, 15, 14, 21, 22, 51, 52, 41, 54, 27, 18, 16, 17, 19, 20, 33, 11, 42, 40, 34, 25, 53, 47, 50, 10, 55, 39, 49, 26, 38, 43, 48, 28, 29, 30, 44, 46, 0]
4;363;[0, 45, 24, 23, 5, 2, 1, 3, 4, 56, 58, 57, 35, 36, 37, 31, 32, 9, 6, 8, 7, 13, 12, 15, 14, 21, 22, 51, 52, 41, 54, 27, 18, 16, 17, 19, 20, 33, 11, 42, 40, 34, 25, 53, 47, 50, 10, 55, 39, 49, 26, 48, 43, 38, 28, 29, 30, 44, 46, 0]
5;383;[0, 45, 23, 24, 5, 2, 1, 3, 4, 56, 58, 31, 32, 9, 6, 8, 13, 12, 15, 27, 54, 41, 52, 51, 22, 21, 14, 7, 57, 35, 36, 37, 18, 16, 17, 19, 20, 33, 11, 42, 40, 34, 25, 53, 47, 50, 10, 55, 39, 49, 26, 48, 43, 38, 28, 29, 30, 44, 46, 0]
6;379;[0, 45, 24, 23, 5, 3, 1, 2, 4, 56, 58, 57, 31, 32, 9, 6, 14, 21, 22, 51, 52, 41, 54, 27, 15, 13, 12, 7, 8, 37, 35, 36, 18, 16, 17, 19, 20, 30, 29, 28, 33, 11, 42, 40, 34, 25, 53, 47, 50, 10, 55, 39, 49, 26, 48, 43, 38, 44, 46, 0]
7;364;[0, 45, 23, 24, 16, 17, 19, 20, 18, 27, 54, 41, 52, 51, 22, 21, 14, 15, 13, 12, 7, 8, 6, 9, 31, 32, 37, 36, 35, 57, 58, 56, 4, 2, 1, 3, 5, 38, 43, 48, 26, 49, 39, 55, 10, 50, 47, 53, 25, 34, 40, 42, 11, 33, 28, 29, 30, 44, 46, 0]
8;367;[0, 45, 23, 24, 5, 2, 1, 3, 4, 56, 58, 57, 35, 36, 37, 31, 32, 9, 6, 8, 7, 13, 12, 15, 14, 21, 22, 51, 52, 41, 54, 27, 18, 16, 17, 19, 20, 30, 29, 28, 34, 40, 42, 11, 25, 53, 33, 47, 50, 10, 55, 39, 49, 26, 48, 43, 38, 44, 46, 0]
9;368;[0, 45, 23, 24, 51, 52, 41, 54, 27, 22, 21, 14, 15, 13, 12, 7, 8, 6, 9, 31, 32, 37, 36, 35, 57, 58, 56, 4, 3, 1, 2, 5, 38, 43, 48, 26, 49, 39, 55, 10, 50, 47, 53, 25, 34, 40, 42, 11, 33, 20, 19, 17, 16, 18, 28, 29, 30, 44, 46, 0]
10;364;[0, 45, 24, 23, 5, 3, 1, 2, 4, 56, 58, 37, 36, 35, 57, 31, 32, 9, 6, 8, 7, 12, 13, 15, 14, 21, 22, 51, 52, 41, 54, 27, 18, 16, 17, 19, 20, 33, 11, 42, 40, 34, 25, 53, 47, 50, 10, 55, 39, 49, 26, 48, 43, 38, 28, 29, 30, 44, 46, 0]
11;368;[0, 45, 23, 24, 51, 52, 41, 54, 27, 22, 21, 14, 15, 13, 12, 7, 8, 6, 9, 32, 31, 37, 36, 35, 57, 58, 56, 4, 3, 1, 2, 5, 38, 43, 48, 26, 49, 39, 55, 10, 50, 47, 53, 25, 34, 40, 42, 11, 33, 20, 19, 17, 16, 18, 28, 29, 30, 44, 46, 0]
12;366;[0, 45, 23, 24, 51, 52, 41, 54, 27, 22, 21, 14, 15, 13, 12, 7, 8, 6, 9, 31, 32, 57, 35, 36, 37, 58, 56, 4, 3, 1, 2, 5, 38, 43, 48, 26, 49, 39, 55, 10, 50, 47, 53, 25, 34, 40, 42, 11, 33, 20, 19, 18, 17, 16, 28, 29, 30, 44, 46, 0]
13;375;[0, 45, 23, 24, 37, 35, 36, 56, 58, 57, 31, 32, 9, 6, 8, 7, 12, 13, 15, 14, 21, 22, 51, 52, 41, 54, 27, 1, 3, 4, 2, 5, 38, 43, 48, 26, 49, 39, 55, 10, 50, 47, 53, 25, 34, 40, 42, 11, 33, 20, 19, 17, 16, 18, 28, 29, 30, 44, 46, 0]
14;392;[0, 45, 23, 24, 5, 2, 56, 58, 37, 36, 35, 57, 32, 9, 6, 8, 13, 12, 15, 27, 54, 41, 52, 51, 22, 21, 14, 7, 31, 4, 3, 1, 38, 43, 48, 26, 49, 39, 55, 10, 50, 47, 33, 11, 53, 25, 42, 40, 34, 20, 19, 18, 17, 16, 28, 29, 30, 44, 46, 0]
15;388;[0, 45, 37, 36, 35, 57, 56, 58, 31, 32, 9, 6, 8, 7, 13, 12, 15, 14, 21, 22, 51, 52, 41, 54, 27, 1, 2, 3, 4, 5, 24, 23, 38, 43, 48, 26, 49, 55, 10, 50, 47, 53, 25, 34, 40, 42, 11, 33, 39, 20, 19, 18, 17, 16, 28, 29, 30, 44, 46, 0]
16;363;[0, 45, 23, 24, 5, 2, 1, 3, 4, 56, 58, 57, 35, 36, 37, 31, 32, 9, 6, 8, 7, 12, 13, 15, 14, 21, 22, 51, 52, 41, 54, 27, 18, 16, 17, 19, 20, 33, 11, 42, 40, 34, 25, 53, 47, 50, 10, 55, 39, 49, 26, 48, 43, 38, 28, 29, 30, 44, 46, 0]
17;361;[0, 45, 23, 24, 5, 2, 1, 3, 4, 58, 56, 57, 35, 36, 37, 31, 32, 9, 6, 8, 7, 13, 12, 15, 14, 21, 22, 51, 52, 41, 54, 27, 18, 16, 17, 19, 20, 30, 29, 28, 33, 11, 42, 40, 34, 25, 53, 47, 50, 10, 55, 39, 49, 26, 48, 43, 38, 44, 46, 0]
18;368;[0, 45, 23, 24, 51, 52, 41, 54, 27, 22, 21, 14, 15, 13, 12, 7, 8, 6, 9, 32, 31, 37, 35, 36, 57, 58, 56, 4, 5, 2, 3, 1, 38, 43, 48, 26, 49, 39, 55, 10, 50, 47, 53, 25, 34, 40, 42, 11, 33, 20, 19, 17, 16, 18, 28, 29, 30, 44, 46, 0]
19;364;[0, 45, 23, 24, 5, 2, 1, 3, 4, 58, 56, 57, 35, 36, 37, 31, 32, 9, 6, 8, 7, 12, 13, 15, 14, 21, 22, 51, 52, 41, 54, 27, 18, 16, 17, 19, 20, 30, 29, 28, 33, 53, 11, 42, 40, 34, 25, 47, 50, 10, 55, 39, 49, 26, 48, 43, 38, 44, 46, 0]
20;382;[0, 45, 24, 23, 5, 2, 1, 3, 4, 56, 58, 32, 9, 6, 8, 13, 12, 15, 27, 54, 41, 52, 51, 22, 21, 14, 7, 31, 57, 35, 36, 37, 18, 16, 17, 19, 20, 33, 11, 42, 40, 34, 25, 53, 47, 50, 10, 55, 39, 49, 26, 48, 43, 38, 28, 29, 30, 44, 46, 0]
21;367;[0, 45, 46, 44, 30, 29, 28, 20, 19, 17, 16, 18, 27, 54, 41, 52, 51, 22, 21, 14, 15, 13, 12, 7, 8, 6, 9, 32, 31, 37, 36, 35, 57, 56, 58, 4, 3, 1, 2, 5, 24, 23, 25, 34, 40, 42, 11, 53, 33, 47, 50, 10, 55, 39, 49, 26, 48, 43, 38, 0]
22;367;[0, 45, 23, 24, 5, 3, 1, 2, 4, 56, 58, 37, 36, 35, 57, 31, 32, 9, 6, 8, 7, 12, 13, 15, 14, 21, 22, 51, 52, 41, 54, 27, 18, 16, 17, 19, 20, 30, 29, 28, 34, 40, 42, 11, 25, 53, 33, 47, 50, 10, 55, 39, 49, 26, 48, 43, 38, 46, 44, 0]
23;363;[0, 56, 58, 57, 35, 36, 37, 31, 32, 9, 6, 8, 7, 12, 13, 15, 14, 21, 22, 51, 52, 41, 54, 27, 18, 16, 17, 19, 20, 33, 11, 42, 40, 34, 25, 53, 47, 50, 10, 55, 39, 49, 26, 48, 43, 38, 28, 29, 30, 44, 46, 45, 24, 23, 5, 3, 1, 2, 4, 0]
24;380;[0, 45, 23, 24, 5, 2, 56, 57, 35, 36, 37, 6, 8, 7, 14, 21, 22, 51, 52, 41, 54, 27, 15, 12, 13, 9, 31, 32, 58, 4, 3, 1, 18, 16, 17, 19, 20, 30, 29, 28, 33, 11, 42, 40, 34, 25, 53, 47, 50, 10, 55, 39, 49, 26, 48, 43, 38, 46, 44, 0]
25;382;[0, 45, 24, 23, 37, 36, 35, 57, 31, 9, 6, 8, 15, 14, 21, 22, 51, 52, 41, 54, 27, 13, 12, 7, 32, 58, 56, 4, 3, 5, 2, 1, 16, 17, 18, 19, 20, 30, 29, 28, 33, 11, 42, 40, 34, 25, 53, 47, 50, 10, 55, 39, 49, 26, 48, 43, 38, 44, 46, 0]
26;362;[0, 45, 23, 24, 5, 2, 1, 3, 4, 56, 58, 37, 36, 35, 57, 31, 32, 9, 6, 8, 7, 12, 13, 15, 14, 21, 22, 51, 52, 41, 54, 27, 18, 16, 17, 19, 20, 30, 29, 28, 33, 11, 42, 40, 34, 25, 53, 47, 50, 10, 55, 39, 49, 26, 48, 43, 38, 44, 46, 0]
27;361;[0, 45, 23, 24, 5, 2, 1, 3, 4, 58, 56, 57, 35, 36, 37, 31, 32, 9, 6, 8, 7, 12, 13, 15, 14, 21, 22, 51, 52, 41, 54, 27, 18, 16, 17, 19, 20, 30, 29, 28, 33, 11, 42, 40, 34, 25, 53, 47, 50, 10, 55, 39, 49, 26, 48, 43, 38, 44, 46, 0]
28;366;[0, 45, 46, 44, 30, 29, 28, 20, 19, 17, 16, 18, 27, 54, 41, 52, 51, 22, 21, 14, 15, 13, 12, 7, 8, 6, 9, 32, 31, 37, 36, 35, 57, 56, 58, 4, 3, 1, 2, 5, 24, 23, 43, 48, 26, 49, 39, 55, 10, 50, 47, 53, 25, 34, 40, 42, 11, 33, 38, 0]
29;361;[0, 45, 24, 23, 5, 2, 1, 3, 4, 56, 58, 57, 35, 36, 37, 31, 32, 9, 6, 8, 7, 13, 12, 15, 14, 21, 22, 51, 52, 41, 54, 27, 18, 16, 17, 19, 20, 30, 29, 28, 33, 11, 42, 40, 34, 25, 53, 47, 50, 10, 55, 39, 49, 26, 48, 43, 38, 44, 46, 0]
30;380;[0, 45, 23, 24, 5, 2, 1, 3, 4, 58, 56, 57, 31, 32, 9, 6, 8, 13, 12, 15, 27, 54, 41, 52, 51, 22, 21, 14, 7, 37, 35, 36, 18, 16, 17, 19, 20, 30, 29, 28, 33, 11, 42, 40, 34, 25, 53, 47, 50, 10, 55, 39, 49, 26, 48, 43, 38, 44, 46, 0]
31;364;[0, 26, 48, 43, 38, 24, 23, 5, 2, 1, 3, 4, 58, 56, 57, 35, 36, 37, 31, 32, 9, 6, 8, 7, 12, 13, 15, 14, 21, 22, 51, 52, 41, 54, 27, 18, 20, 19, 17, 16, 45, 46, 44, 30, 29, 28, 33, 11, 42, 40, 34, 25, 53, 47, 50, 10, 55, 39, 49, 0]
32;364;[0, 45, 23, 24, 5, 2, 1, 3, 4, 58, 56, 57, 35, 36, 37, 31, 32, 9, 6, 8, 7, 12, 13, 15, 14, 21, 22, 51, 52, 41, 54, 27, 18, 16, 17, 19, 20, 30, 29, 28, 33, 53, 11, 42, 40, 34, 25, 47, 50, 10, 55, 39, 49, 26, 48, 43, 38, 44, 46, 0]
33;381;[0, 45, 23, 24, 5, 2, 1, 3, 4, 58, 56, 57, 31, 32, 9, 22, 27, 54, 41, 52, 51, 21, 14, 15, 13, 12, 7, 8, 6, 37, 35, 36, 18, 16, 17, 19, 20, 30, 29, 28, 33, 11, 42, 40, 34, 25, 53, 47, 50, 10, 55, 39, 49, 26, 48, 43, 38, 44, 46, 0]
34;366;[0, 45, 46, 44, 30, 29, 28, 20, 19, 17, 16, 18, 27, 54, 41, 52, 51, 22, 21, 14, 15, 13, 12, 7, 8, 6, 9, 32, 31, 37, 36, 35, 57, 56, 58, 4, 3, 1, 2, 5, 24, 23, 43, 48, 26, 49, 39, 55, 10, 50, 47, 53, 25, 34, 40, 42, 11, 33, 38, 0]
35;368;[0, 45, 23, 24, 51, 52, 41, 54, 27, 22, 21, 14, 15, 13, 12, 7, 8, 6, 9, 32, 31, 37, 36, 35, 57, 56, 58, 4, 5, 2, 3, 1, 38, 43, 48, 26, 49, 39, 55, 10, 50, 47, 53, 25, 34, 40, 42, 11, 33, 20, 19, 17, 16, 18, 28, 29, 30, 44, 46, 0]
36;362;[0, 45, 46, 44, 24, 23, 5, 3, 1, 2, 4, 58, 56, 57, 35, 36, 37, 31, 32, 9, 6, 8, 7, 13, 12, 15, 14, 21, 22, 51, 52, 41, 54, 27, 18, 16, 17, 19, 20, 28, 30, 29, 33, 11, 42, 40, 34, 25, 53, 47, 50, 10, 55, 39, 49, 26, 48, 43, 38, 0]
37;362;[0, 45, 23, 24, 5, 2, 1, 3, 4, 58, 56, 35, 36, 37, 57, 31, 32, 9, 6, 8, 7, 12, 13, 15, 14, 21, 22, 51, 52, 41, 54, 27, 18, 16, 17, 19, 20, 30, 29, 28, 33, 11, 42, 40, 34, 25, 53, 47, 50, 10, 55, 39, 49, 26, 48, 43, 38, 44, 46, 0]
38;362;[0, 45, 23, 24, 5, 3, 1, 2, 4, 56, 58, 37, 36, 35, 57, 31, 32, 9, 6, 8, 7, 12, 13, 15, 14, 21, 22, 51, 52, 41, 54, 27, 18, 16, 17, 19, 20, 30, 29, 28, 33, 11, 42, 40, 34, 25, 53, 47, 50, 10, 55, 39, 49, 26, 48, 43, 38, 44, 46, 0]
39;366;[0, 45, 25, 53, 34, 40, 42, 11, 33, 47, 50, 10, 55, 39, 49, 26, 48, 43, 38, 24, 23, 5, 2, 1, 3, 4, 58, 56, 57, 35, 36, 37, 31, 32, 9, 6, 8, 7, 13, 12, 15, 14, 21, 22, 51, 52, 41, 54, 27, 18, 16, 17, 19, 20, 28, 29, 30, 44, 46, 0]
40;365;[0, 45, 30, 29, 28, 33, 11, 42, 40, 34, 25, 53, 47, 50, 10, 55, 39, 49, 26, 48, 43, 38, 24, 23, 5, 2, 1, 3, 4, 58, 56, 57, 37, 35, 36, 31, 32, 9, 6, 8, 7, 12, 13, 15, 14, 21, 22, 51, 52, 41, 54, 27, 18, 16, 17, 19, 20, 44, 46, 0]
41;363;[0, 45, 23, 24, 5, 2, 1, 3, 4, 58, 56, 57, 35, 36, 37, 31, 32, 9, 6, 8, 7, 12, 13, 15, 14, 21, 22, 51, 52, 41, 54, 27, 18, 16, 17, 19, 20, 33, 11, 42, 40, 34, 25, 53, 47, 50, 10, 55, 39, 49, 26, 48, 38, 43, 28, 29, 30, 44, 46, 0]
42;361;[0, 45, 23, 24, 5, 2, 1, 3, 4, 58, 56, 57, 35, 36, 37, 31, 32, 9, 6, 8, 7, 12, 13, 15, 14, 21, 22, 51, 52, 41, 54, 27, 18, 16, 17, 19, 20, 30, 29, 28, 33, 11, 42, 40, 34, 25, 53, 47, 50, 10, 55, 39, 49, 26, 48, 43, 38, 44, 46, 0]
43;361;[0, 45, 23, 24, 5, 2, 1, 3, 4, 58, 56, 57, 35, 36, 37, 31, 32, 9, 6, 8, 7, 13, 12, 15, 14, 21, 22, 51, 52, 41, 54, 27, 18, 17, 16, 19, 20, 30, 29, 28, 33, 11, 42, 40, 34, 25, 53, 47, 50, 10, 55, 39, 49, 26, 48, 43, 38, 44, 46, 0]
44;367;[0, 45, 23, 24, 1, 3, 2, 5, 4, 58, 56, 57, 35, 36, 37, 31, 32, 9, 6, 8, 7, 12, 13, 15, 14, 21, 22, 51, 52, 41, 54, 27, 18, 16, 17, 19, 20, 33, 53, 11, 42, 40, 34, 25, 47, 50, 10, 55, 39, 49, 26, 48, 43, 38, 28, 29, 30, 44, 46, 0]
45;362;[0, 45, 23, 24, 5, 3, 1, 2, 4, 56, 58, 37, 36, 35, 57, 31, 32, 9, 6, 8, 7, 13, 12, 15, 14, 21, 22, 51, 52, 41, 54, 27, 18, 16, 17, 19, 20, 30, 29, 28, 33, 11, 42, 40, 34, 25, 53, 47, 50, 10, 55, 39, 49, 26, 48, 43, 38, 44, 46, 0]
46;372;[0, 45, 24, 23, 16, 17, 19, 20, 18, 27, 54, 41, 52, 51, 22, 21, 14, 15, 13, 12, 7, 8, 6, 9, 32, 31, 37, 36, 35, 57, 56, 58, 4, 3, 5, 2, 1, 38, 43, 48, 26, 49, 39, 55, 10, 50, 47, 33, 11, 53, 25, 42, 40, 34, 28, 29, 30, 44, 46, 0]
47;364;[0, 45, 23, 24, 5, 2, 1, 3, 4, 58, 56, 57, 37, 35, 36, 31, 32, 9, 6, 8, 7, 12, 13, 15, 14, 21, 22, 51, 52, 41, 54, 27, 18, 16, 17, 19, 20, 33, 11, 42, 40, 34, 25, 53, 47, 50, 10, 55, 39, 49, 26, 48, 43, 38, 28, 29, 30, 44, 46, 0]
48;362;[0, 45, 23, 24, 5, 3, 1, 2, 4, 56, 58, 37, 36, 35, 57, 31, 32, 9, 6, 8, 7, 13, 12, 15, 14, 21, 22, 51, 52, 41, 54, 27, 18, 16, 17, 19, 20, 30, 29, 28, 33, 11, 42, 40, 34, 25, 53, 47, 50, 10, 55, 39, 49, 26, 48, 43, 38, 44, 46, 0]
49;383;[0, 45, 23, 24, 5, 2, 1, 3, 4, 58, 56, 57, 32, 9, 6, 8, 13, 12, 15, 27, 54, 41, 52, 51, 22, 21, 14, 7, 31, 35, 36, 37, 18, 16, 17, 19, 20, 33, 11, 42, 40, 34, 25, 53, 47, 50, 10, 55, 39, 49, 26, 38, 43, 48, 28, 29, 30, 44, 46, 0]
50;368;[0, 45, 23, 24, 5, 2, 1, 3, 4, 56, 58, 37, 35, 36, 57, 31, 32, 9, 6, 8, 7, 13, 12, 15, 14, 21, 22, 51, 52, 41, 54, 27, 18, 16, 17, 19, 20, 30, 29, 28, 48, 33, 11, 42, 40, 34, 25, 53, 47, 50, 10, 55, 39, 49, 26, 43, 38, 44, 46, 0]
51;376;[0, 45, 23, 24, 37, 36, 35, 57, 56, 58, 31, 32, 9, 6, 8, 7, 13, 12, 15, 14, 21, 22, 51, 52, 41, 54, 27, 1, 2, 5, 3, 4, 16, 17, 18, 19, 20, 30, 29, 28, 33, 11, 42, 40, 34, 25, 53, 47, 50, 10, 55, 39, 49, 26, 48, 43, 38, 44, 46, 0]
52;387;[0, 45, 24, 23, 5, 56, 57, 35, 36, 37, 7, 14, 21, 22, 51, 52, 41, 54, 27, 15, 12, 13, 8, 6, 9, 32, 31, 58, 4, 2, 3, 1, 16, 17, 18, 19, 20, 28, 30, 29, 48, 33, 11, 42, 40, 34, 25, 53, 47, 50, 10, 55, 39, 49, 26, 43, 38, 44, 46, 0]
53;363;[0, 45, 23, 24, 5, 2, 1, 3, 4, 58, 56, 57, 35, 36, 37, 31, 32, 9, 6, 8, 7, 13, 12, 15, 14, 21, 22, 51, 52, 41, 54, 27, 18, 16, 17, 19, 20, 33, 11, 42, 40, 34, 25, 53, 47, 50, 10, 55, 39, 49, 26, 48, 43, 38, 28, 29, 30, 44, 46, 0]
54;364;[0, 45, 24, 23, 1, 2, 3, 5, 4, 58, 56, 57, 35, 36, 37, 31, 32, 9, 6, 8, 7, 13, 12, 15, 14, 21, 22, 51, 52, 41, 54, 27, 18, 16, 17, 19, 20, 33, 11, 42, 40, 34, 25, 53, 47, 50, 10, 55, 39, 49, 26, 48, 43, 38, 28, 29, 30, 44, 46, 0]
55;386;[0, 45, 23, 24, 5, 2, 56, 57, 35, 36, 37, 8, 7, 14, 21, 22, 51, 52, 41, 54, 27, 15, 12, 13, 6, 9, 31, 32, 58, 4, 3, 1, 16, 17, 18, 19, 20, 30, 29, 28, 48, 33, 11, 42, 40, 34, 25, 53, 47, 50, 10, 55, 39, 49, 26, 43, 38, 44, 46, 0]
56;365;[0, 23, 24, 46, 44, 45, 38, 43, 48, 26, 49, 39, 55, 10, 50, 47, 25, 34, 40, 42, 11, 53, 33, 28, 29, 30, 20, 19, 17, 16, 18, 27, 54, 41, 52, 51, 22, 21, 14, 15, 13, 12, 7, 8, 6, 9, 31, 32, 57, 35, 36, 37, 58, 56, 4, 3, 1, 2, 5, 0]
57;361;[0, 45, 23, 24, 5, 2, 1, 3, 4, 58, 56, 57, 35, 36, 37, 31, 32, 9, 6, 8, 7, 13, 12, 15, 14, 21, 22, 51, 52, 41, 54, 27, 18, 16, 17, 19, 20, 30, 29, 28, 33, 11, 42, 40, 34, 25, 53, 47, 50, 10, 55, 39, 49, 26, 48, 43, 38, 44, 46, 0]
58;361;[0, 45, 46, 44, 23, 24, 5, 2, 1, 3, 4, 58, 56, 57, 35, 36, 37, 31, 32, 9, 6, 8, 7, 13, 12, 15, 14, 21, 22, 51, 52, 41, 54, 27, 18, 16, 17, 19, 20, 30, 29, 28, 33, 11, 42, 40, 34, 25, 53, 47, 50, 10, 55, 39, 49, 26, 48, 43, 38, 0]
59;365;[0, 45, 44, 20, 19, 17, 16, 18, 27, 54, 41, 52, 51, 22, 21, 14, 15, 13, 12, 7, 8, 6, 9, 32, 31, 37, 36, 35, 57, 58, 56, 4, 3, 1, 2, 5, 24, 23, 38, 43, 48, 26, 49, 39, 55, 10, 50, 47, 53, 25, 34, 40, 42, 11, 33, 28, 29, 30, 46, 0]
60;363;[0, 45, 23, 24, 5, 2, 1, 3, 4, 58, 56, 57, 35, 36, 37, 31, 32, 9, 6, 8, 7, 12, 13, 15, 14, 21, 22, 51, 52, 41, 54, 27, 18, 16, 17, 19, 20, 33, 11, 42, 40, 34, 25, 53, 47, 50, 10, 55, 39, 49, 26, 48, 43, 38, 28, 29, 30, 44, 46, 0]
61;379;[0, 45, 24, 23, 37, 35, 36, 58, 56, 57, 31, 32, 9, 6, 8, 7, 13, 12, 15, 14, 21, 22, 51, 52, 41, 54, 27, 1, 3, 4, 2, 5, 38, 43, 48, 26, 49, 39, 55, 10, 50, 47, 25, 34, 40, 42, 11, 53, 33, 20, 19, 17, 16, 18, 28, 29, 30, 44, 46, 0]
62;361;[0, 45, 23, 24, 5, 2, 1, 3, 4, 56, 58, 57, 35, 36, 37, 31, 32, 9, 6, 8, 7, 12, 13, 15, 14, 21, 22, 51, 52, 41, 54, 27, 18, 16, 17, 19, 20, 30, 29, 28, 33, 11, 42, 40, 34, 25, 53, 47, 50, 10, 55, 39, 49, 26, 48, 43, 38, 44, 46, 0]
63;380;[0, 45, 46, 44, 30, 29, 28, 48, 43, 38, 26, 49, 39, 55, 10, 50, 47, 33, 11, 42, 40, 34, 53, 25, 23, 24, 16, 17, 19, 20, 18, 27, 54, 41, 52, 51, 22, 21, 14, 15, 13, 12, 7, 8, 6, 9, 31, 32, 37, 36, 35, 57, 56, 58, 4, 3, 1, 2, 5, 0]
64;370;[0, 45, 51, 52, 41, 54, 27, 22, 21, 14, 15, 13, 12, 7, 8, 6, 9, 32, 31, 37, 36, 35, 57, 56, 58, 4, 3, 1, 2, 5, 24, 23, 38, 43, 48, 26, 49, 39, 55, 10, 50, 47, 53, 25, 34, 40, 42, 11, 33, 20, 19, 17, 16, 18, 28, 29, 30, 44, 46, 0]
65;361;[0, 45, 23, 24, 5, 2, 1, 3, 4, 58, 56, 57, 35, 36, 37, 31, 32, 9, 6, 8, 7, 12, 13, 15, 14, 21, 22, 51, 52, 41, 54, 27, 18, 16, 17, 19, 20, 30, 29, 28, 33, 11, 42, 40, 34, 25, 53, 47, 50, 10, 55, 39, 49, 26, 48, 43, 38, 44, 46, 0]
66;369;[0, 45, 25, 34, 40, 42, 11, 53, 33, 47, 50, 10, 55, 39, 49, 26, 48, 43, 38, 24, 23, 5, 3, 1, 2, 4, 58, 56, 57, 37, 35, 36, 31, 32, 9, 6, 8, 7, 13, 12, 15, 14, 21, 22, 51, 52, 41, 54, 27, 18, 16, 17, 19, 20, 28, 29, 30, 44, 46, 0]
67;362;[0, 45, 23, 24, 5, 2, 1, 3, 4, 56, 58, 37, 36, 35, 57, 31, 32, 9, 6, 8, 7, 13, 12, 15, 14, 21, 22, 51, 52, 41, 54, 27, 18, 16, 17, 19, 20, 30, 29, 28, 33, 11, 42, 40, 34, 25, 53, 47, 50, 10, 55, 39, 49, 26, 48, 43, 38, 44, 46, 0]
68;362;[0, 45, 23, 24, 5, 2, 1, 3, 4, 58, 56, 35, 36, 37, 57, 31, 32, 9, 6, 8, 7, 12, 13, 15, 14, 21, 22, 51, 52, 41, 54, 27, 18, 16, 17, 19, 20, 30, 29, 28, 33, 11, 42, 40, 34, 25, 53, 47, 50, 10, 55, 39, 49, 26, 48, 43, 38, 44, 46, 0]
69;370;[0, 45, 51, 52, 41, 54, 27, 22, 21, 14, 15, 13, 12, 7, 8, 6, 9, 32, 31, 37, 36, 35, 57, 58, 56, 4, 3, 1, 2, 5, 24, 23, 38, 43, 48, 26, 49, 39, 55, 10, 50, 47, 53, 25, 34, 40, 42, 11, 33, 20, 19, 17, 16, 18, 28, 29, 30, 44, 46, 0]
70;362;[0, 45, 23, 24, 5, 2, 1, 3, 4, 58, 56, 57, 35, 36, 37, 31, 32, 9, 6, 8, 7, 12, 13, 15, 14, 21, 22, 51, 52, 41, 54, 27, 18, 16, 17, 19, 20, 28, 30, 29, 33, 11, 42, 40, 34, 25, 53, 47, 50, 10, 55, 39, 49, 26, 48, 43, 38, 44, 46, 0]
71;368;[0, 45, 23, 24, 51, 52, 41, 54, 27, 22, 21, 14, 15, 13, 12, 7, 8, 6, 9, 32, 31, 37, 36, 35, 57, 56, 58, 4, 3, 1, 2, 5, 38, 43, 48, 26, 49, 39, 55, 10, 50, 47, 53, 25, 34, 40, 42, 11, 33, 20, 19, 17, 16, 18, 28, 29, 30, 44, 46, 0]
72;362;[0, 45, 23, 24, 5, 2, 1, 3, 4, 58, 56, 57, 35, 36, 37, 31, 32, 9, 6, 8, 7, 13, 12, 15, 14, 21, 22, 51, 52, 41, 54, 27, 18, 16, 17, 19, 20, 28, 30, 29, 33, 11, 42, 40, 34, 25, 53, 47, 50, 10, 55, 39, 49, 26, 48, 43, 38, 44, 46, 0]
73;366;[0, 45, 46, 44, 30, 29, 28, 20, 19, 17, 16, 18, 27, 54, 41, 52, 51, 22, 21, 14, 15, 13, 12, 7, 8, 6, 9, 32, 31, 37, 36, 35, 57, 56, 58, 4, 3, 1, 2, 5, 24, 23, 26, 49, 39, 55, 10, 50, 47, 53, 25, 34, 40, 42, 11, 33, 48, 43, 38, 0]
74;371;[0, 45, 23, 24, 5, 2, 1, 3, 4, 58, 56, 57, 35, 36, 37, 31, 32, 9, 6, 8, 7, 13, 12, 15, 14, 21, 22, 51, 52, 41, 54, 27, 18, 16, 17, 19, 20, 30, 29, 28, 39, 33, 11, 42, 40, 34, 25, 53, 47, 50, 10, 55, 49, 26, 48, 43, 38, 44, 46, 0]
75;361;[0, 45, 23, 24, 5, 2, 1, 3, 4, 58, 56, 57, 35, 36, 37, 31, 32, 9, 6, 8, 7, 13, 12, 15, 14, 21, 22, 51, 52, 41, 54, 27, 18, 16, 17, 19, 20, 30, 29, 28, 33, 11, 42, 40, 34, 25, 53, 47, 50, 10, 55, 39, 49, 26, 48, 43, 38, 44, 46, 0]
76;382;[0, 45, 37, 35, 36, 31, 32, 9, 6, 8, 13, 12, 15, 27, 54, 41, 52, 51, 22, 21, 14, 7, 57, 56, 58, 4, 3, 1, 2, 5, 24, 23, 38, 43, 48, 26, 49, 39, 55, 10, 50, 47, 53, 25, 34, 40, 42, 11, 33, 20, 19, 18, 17, 16, 28, 29, 30, 44, 46, 0]
77;376;[0, 45, 23, 24, 51, 52, 41, 54, 27, 22, 21, 14, 15, 13, 12, 7, 8, 6, 9, 32, 31, 57, 35, 36, 37, 58, 56, 4, 3, 5, 2, 1, 38, 43, 48, 26, 49, 39, 55, 10, 50, 47, 33, 11, 53, 25, 42, 40, 34, 20, 19, 17, 16, 18, 28, 29, 30, 44, 46, 0]
78;363;[0, 45, 23, 24, 5, 2, 1, 3, 4, 58, 56, 57, 35, 36, 37, 31, 32, 9, 6, 8, 7, 13, 12, 15, 14, 21, 22, 51, 52, 41, 54, 27, 18, 16, 17, 19, 20, 33, 11, 42, 40, 34, 25, 53, 47, 50, 10, 55, 39, 49, 26, 48, 43, 38, 28, 29, 30, 44, 46, 0]
79;361;[0, 45, 24, 23, 5, 2, 1, 3, 4, 58, 56, 57, 35, 36, 37, 31, 32, 9, 6, 8, 7, 13, 12, 15, 14, 21, 22, 51, 52, 41, 54, 27, 18, 17, 16, 19, 20, 30, 29, 28, 33, 11, 42, 40, 34, 25, 53, 47, 50, 10, 55, 39, 49, 26, 48, 43, 38, 44, 46, 0]
80;361;[0, 57, 31, 32, 9, 6, 8, 7, 12, 13, 15, 14, 21, 22, 51, 52, 41, 54, 27, 18, 16, 17, 19, 20, 30, 29, 28, 33, 11, 42, 40, 34, 25, 53, 47, 50, 10, 55, 39, 49, 26, 48, 43, 38, 46, 44, 45, 24, 23, 5, 2, 1, 3, 4, 56, 58, 37, 36, 35, 0]
81;375;[0, 45, 24, 23, 37, 35, 36, 56, 58, 57, 31, 32, 9, 6, 8, 7, 12, 13, 15, 14, 21, 22, 51, 52, 41, 54, 27, 1, 3, 4, 2, 5, 38, 43, 48, 26, 49, 39, 55, 10, 50, 47, 53, 25, 34, 40, 42, 11, 33, 20, 19, 17, 16, 18, 28, 29, 30, 44, 46, 0]
82;361;[0, 45, 23, 24, 5, 3, 1, 2, 4, 58, 56, 57, 35, 36, 37, 31, 32, 9, 6, 8, 7, 13, 12, 15, 14, 21, 22, 51, 52, 41, 54, 27, 18, 16, 17, 19, 20, 30, 29, 28, 33, 11, 42, 40, 34, 25, 53, 47, 50, 10, 55, 39, 49, 26, 48, 43, 38, 44, 46, 0]
83;364;[0, 5, 24, 23, 38, 43, 48, 26, 49, 39, 55, 10, 50, 47, 53, 25, 34, 40, 42, 11, 33, 28, 29, 30, 44, 46, 45, 16, 17, 19, 20, 18, 27, 54, 41, 52, 51, 22, 21, 14, 15, 13, 12, 7, 8, 6, 9, 32, 31, 37, 36, 35, 57, 58, 56, 4, 3, 1, 2, 0]
84;369;[0, 45, 23, 24, 5, 2, 1, 3, 4, 56, 58, 37, 36, 35, 57, 31, 32, 9, 6, 8, 7, 13, 12, 15, 14, 21, 22, 51, 52, 41, 54, 27, 18, 16, 17, 19, 20, 28, 30, 29, 34, 40, 42, 11, 25, 53, 33, 47, 50, 10, 55, 39, 49, 26, 48, 43, 38, 44, 46, 0]
85;362;[0, 45, 23, 24, 5, 3, 1, 2, 4, 56, 58, 37, 36, 35, 57, 31, 32, 9, 6, 8, 7, 12, 13, 15, 14, 21, 22, 51, 52, 41, 54, 27, 18, 16, 17, 19, 20, 30, 29, 28, 33, 11, 42, 40, 34, 25, 53, 47, 50, 10, 55, 39, 49, 26, 48, 43, 38, 44, 46, 0]
86;362;[0, 45, 23, 24, 5, 3, 1, 2, 4, 56, 58, 37, 36, 35, 57, 31, 32, 9, 6, 8, 7, 13, 12, 15, 14, 21, 22, 51, 52, 41, 54, 27, 18, 16, 17, 19, 20, 30, 29, 28, 33, 11, 42, 40, 34, 25, 53, 47, 50, 10, 55, 39, 49, 26, 48, 43, 38, 44, 46, 0]
87;361;[0, 45, 23, 24, 5, 2, 1, 3, 4, 58, 56, 57, 35, 36, 37, 31, 32, 9, 6, 8, 7, 12, 13, 15, 14, 21, 22, 51, 52, 41, 54, 27, 18, 16, 17, 19, 20, 30, 29, 28, 33, 11, 42, 40, 34, 25, 53, 47, 50, 10, 55, 39, 49, 26, 48, 43, 38, 44, 46, 0]
88;360;[0, 37, 58, 56, 4, 3, 1, 2, 5, 24, 23, 46, 44, 45, 38, 43, 48, 26, 49, 39, 55, 10, 50, 47, 53, 25, 34, 40, 42, 11, 33, 28, 29, 30, 20, 19, 17, 16, 18, 27, 54, 41, 52, 51, 22, 21, 14, 15, 13, 12, 7, 8, 6, 9, 32, 31, 57, 35, 36, 0]
89;361;[0, 37, 58, 56, 4, 3, 1, 2, 5, 24, 23, 45, 44, 46, 38, 43, 48, 26, 49, 39, 55, 10, 50, 47, 53, 25, 34, 40, 42, 11, 33, 28, 29, 30, 20, 19, 17, 16, 18, 27, 54, 41, 52, 51, 22, 21, 14, 15, 13, 12, 7, 8, 6, 9, 32, 31, 57, 35, 36, 0]
90;365;[0, 11, 42, 40, 34, 25, 47, 50, 10, 55, 39, 49, 26, 48, 43, 38, 44, 46, 45, 23, 24, 5, 2, 1, 3, 4, 58, 56, 36, 35, 37, 57, 31, 32, 9, 6, 8, 7, 12, 13, 15, 14, 21, 22, 51, 52, 41, 54, 27, 18, 16, 17, 19, 20, 30, 29, 28, 33, 53, 0]
91;362;[0, 37, 58, 56, 4, 3, 1, 2, 5, 24, 23, 45, 44, 46, 38, 43, 48, 26, 49, 39, 55, 10, 50, 47, 53, 25, 34, 40, 42, 11, 33, 29, 30, 28, 20, 19, 17, 16, 18, 27, 54, 41, 52, 51, 22, 21, 14, 15, 13, 12, 7, 8, 6, 9, 32, 31, 57, 35, 36, 0]
92;369;[0, 50, 10, 55, 39, 49, 26, 48, 43, 38, 24, 23, 5, 2, 1, 3, 4, 56, 58, 37, 36, 35, 57, 31, 32, 9, 6, 8, 7, 12, 13, 15, 14, 21, 22, 51, 52, 41, 54, 27, 18, 16, 17, 19, 20, 28, 29, 30, 44, 46, 45, 25, 34, 40, 42, 53, 11, 33, 47, 0]
93;361;[0, 37, 58, 56, 4, 5, 2, 3, 1, 24, 23, 46, 44, 45, 38, 43, 48, 26, 49, 39, 55, 10, 50, 47, 53, 25, 34, 40, 42, 11, 33, 28, 29, 30, 20, 19, 17, 16, 18, 27, 54, 41, 52, 51, 22, 21, 14, 15, 13, 12, 7, 8, 6, 9, 32, 31, 57, 35, 36, 0]
94;384;[0, 37, 58, 56, 4, 2, 1, 18, 16, 17, 19, 20, 30, 29, 28, 33, 11, 42, 40, 34, 25, 53, 47, 50, 10, 55, 39, 49, 26, 48, 43, 38, 44, 46, 45, 23, 24, 5, 3, 32, 7, 12, 13, 21, 22, 51, 52, 41, 54, 27, 14, 15, 8, 6, 9, 31, 57, 35, 36, 0]
95;363;[0, 37, 31, 32, 9, 6, 8, 7, 12, 13, 15, 14, 21, 22, 51, 52, 41, 54, 27, 18, 16, 17, 19, 20, 33, 11, 42, 40, 34, 25, 53, 47, 50, 10, 55, 39, 49, 26, 48, 43, 38, 28, 29, 30, 44, 46, 45, 23, 24, 5, 2, 1, 3, 4, 56, 58, 57, 35, 36, 0]
96;360;[0, 37, 31, 32, 9, 6, 8, 7, 13, 12, 15, 14, 21, 22, 51, 52, 41, 54, 27, 18, 16, 17, 19, 20, 30, 29, 28, 33, 11, 42, 40, 34, 25, 53, 47, 50, 10, 55, 39, 49, 26, 48, 43, 38, 46, 44, 45, 23, 24, 5, 2, 1, 3, 4, 58, 56, 57, 35, 36, 0]
97;361;[0, 37, 58, 56, 4, 5, 2, 3, 1, 45, 46, 44, 30, 29, 28, 33, 11, 42, 40, 34, 25, 53, 47, 50, 10, 55, 39, 49, 26, 48, 43, 38, 24, 23, 16, 17, 19, 20, 18, 27, 54, 41, 52, 51, 22, 21, 14, 15, 13, 12, 7, 8, 6, 9, 32, 31, 57, 35, 36, 0]
98;367;[0, 37, 57, 31, 32, 9, 6, 8, 7, 12, 13, 15, 14, 21, 22, 51, 52, 41, 54, 27, 18, 20, 19, 17, 16, 23, 24, 45, 46, 44, 30, 29, 28, 33, 11, 42, 40, 34, 25, 53, 47, 50, 10, 55, 39, 49, 26, 48, 43, 38, 5, 2, 1, 3, 4, 58, 56, 36, 35, 0]
99;367;[0, 37, 31, 32, 9, 6, 8, 7, 12, 13, 15, 14, 21, 22, 51, 52, 41, 54, 27, 18, 16, 17, 19, 20, 28, 33, 11, 42, 40, 34, 25, 53, 47, 50, 10, 55, 39, 49, 26, 48, 43, 38, 29, 30, 44, 46, 45, 23, 24, 5, 2, 1, 3, 4, 58, 56, 57, 35, 36, 0]
100;361;[0, 37, 58, 56, 4, 3, 1, 2, 5, 24, 23, 45, 44, 46, 38, 43, 48, 26, 49, 39, 55, 10, 50, 47, 53, 25, 34, 40, 42, 11, 33, 28, 29, 30, 20, 19, 17, 16, 18, 27, 54, 41, 52, 51, 22, 21, 14, 15, 13, 12, 7, 8, 6, 9, 32, 31, 57, 35, 36, 0]
101;368;[0, 37, 58, 56, 4, 3, 1, 2, 5, 24, 23, 45, 46, 44, 30, 29, 28, 38, 43, 48, 26, 49, 39, 55, 10, 50, 47, 33, 53, 25, 11, 42, 40, 34, 20, 19, 17, 16, 18, 27, 54, 41, 52, 51, 22, 21, 14, 15, 13, 12, 7, 8, 6, 9, 32, 31, 57, 35, 36, 0]
102;360;[0, 37, 31, 32, 9, 6, 8, 7, 13, 12, 15, 14, 21, 22, 51, 52, 41, 54, 27, 18, 16, 17, 19, 20, 30, 29, 28, 33, 11, 42, 40, 34, 25, 53, 47, 50, 10, 55, 39, 49, 26, 48, 43, 38, 46, 44, 45, 23, 24, 5, 2, 1, 3, 4, 58, 56, 57, 35, 36, 0]
103;370;[0, 37, 31, 32, 9, 6, 8, 7, 12, 13, 15, 14, 21, 22, 51, 52, 41, 54, 27, 24, 23, 38, 43, 48, 26, 49, 39, 55, 10, 50, 47, 53, 25, 34, 40, 42, 11, 33, 20, 19, 17, 16, 18, 28, 29, 30, 44, 46, 45, 5, 2, 1, 3, 4, 58, 56, 57, 35, 36, 0]
104;361;[0, 37, 58, 56, 4, 2, 5, 3, 1, 23, 24, 45, 46, 44, 38, 43, 48, 26, 49, 39, 55, 10, 50, 47, 53, 25, 34, 40, 42, 11, 33, 28, 29, 30, 20, 19, 17, 16, 18, 27, 54, 41, 52, 51, 22, 21, 14, 15, 13, 12, 7, 8, 6, 9, 32, 31, 57, 35, 36, 0]
105;367;[0, 37, 31, 32, 9, 6, 8, 7, 12, 13, 15, 14, 21, 22, 51, 52, 41, 54, 27, 18, 20, 19, 17, 16, 23, 24, 38, 43, 48, 26, 49, 39, 55, 10, 50, 47, 53, 25, 34, 40, 42, 11, 33, 28, 29, 30, 44, 46, 45, 1, 3, 2, 5, 4, 58, 56, 57, 35, 36, 0]
106;360;[0, 37, 31, 32, 9, 6, 8, 7, 12, 13, 15, 14, 21, 22, 51, 52, 41, 54, 27, 18, 16, 17, 19, 20, 30, 29, 28, 33, 11, 42, 40, 34, 25, 53, 47, 50, 10, 55, 39, 49, 26, 48, 43, 38, 46, 44, 45, 23, 24, 5, 2, 1, 3, 4, 58, 56, 57, 35, 36, 0]
107;360;[0, 37, 58, 56, 4, 3, 1, 2, 5, 24, 23, 46, 44, 45, 38, 43, 48, 26, 49, 39, 55, 10, 50, 47, 53, 25, 34, 40, 42, 11, 33, 28, 29, 30, 20, 19, 17, 16, 18, 27, 54, 41, 52, 51, 22, 21, 14, 15, 13, 12, 7, 8, 6, 9, 31, 32, 57, 35, 36, 0]
108;371;[0, 38, 24, 23, 5, 3, 1, 2, 4, 56, 58, 36, 35, 37, 57, 31, 32, 9, 6, 8, 7, 12, 13, 15, 14, 21, 22, 51, 52, 41, 54, 27, 18, 20, 19, 17, 16, 45, 46, 44, 30, 29, 28, 34, 40, 42, 25, 53, 11, 33, 47, 50, 10, 55, 39, 49, 26, 48, 43, 0]
109;364;[0, 37, 58, 56, 4, 3, 1, 2, 5, 24, 23, 38, 43, 48, 26, 49, 39, 55, 10, 50, 47, 53, 25, 34, 40, 42, 11, 33, 28, 29, 30, 45, 46, 44, 20, 19, 17, 16, 18, 27, 54, 41, 52, 51, 22, 21, 14, 15, 13, 12, 7, 8, 6, 9, 32, 31, 57, 35, 36, 0]
110;361;[0, 37, 58, 56, 4, 5, 2, 3, 1, 24, 23, 46, 44, 45, 38, 43, 48, 26, 49, 39, 55, 10, 50, 47, 53, 25, 34, 40, 42, 11, 33, 28, 29, 30, 20, 19, 17, 16, 18, 27, 54, 41, 52, 51, 22, 21, 14, 15, 13, 12, 7, 8, 6, 9, 32, 31, 57, 35, 36, 0]
111;381;[0, 33, 20, 19, 17, 16, 18, 28, 29, 30, 44, 46, 45, 23, 24, 5, 2, 1, 3, 4, 58, 56, 57, 31, 32, 9, 6, 8, 7, 12, 13, 15, 27, 54, 41, 52, 51, 22, 21, 14, 37, 35, 36, 38, 43, 48, 26, 49, 39, 55, 10, 50, 47, 53, 25, 34, 40, 42, 11, 0]
112;368;[0, 37, 58, 56, 4, 3, 1, 2, 5, 24, 23, 45, 44, 46, 38, 43, 48, 26, 49, 39, 55, 10, 50, 47, 33, 53, 25, 11, 42, 40, 34, 28, 29, 30, 20, 19, 17, 16, 18, 27, 54, 41, 52, 51, 22, 21, 14, 15, 13, 12, 7, 8, 6, 9, 32, 31, 57, 35, 36, 0]
113;360;[0, 37, 58, 56, 4, 3, 1, 2, 5, 24, 23, 45, 46, 44, 30, 29, 28, 48, 38, 43, 26, 49, 39, 55, 10, 50, 47, 53, 25, 34, 40, 42, 11, 33, 20, 19, 17, 16, 18, 27, 54, 41, 52, 51, 22, 21, 14, 15, 13, 12, 7, 8, 6, 9, 31, 32, 57, 35, 36, 0]
114;361;[0, 51, 22, 21, 14, 15, 13, 12, 7, 8, 6, 9, 32, 31, 57, 35, 36, 37, 58, 56, 4, 5, 2, 3, 1, 23, 24, 46, 44, 45, 38, 43, 48, 26, 49, 39, 55, 10, 50, 47, 53, 25, 34, 40, 42, 11, 33, 28, 29, 30, 20, 19, 17, 16, 18, 27, 54, 41, 52, 0]
115;361;[0, 37, 31, 32, 9, 6, 8, 7, 12, 13, 15, 14, 21, 22, 51, 52, 41, 54, 27, 18, 16, 17, 19, 20, 28, 30, 29, 33, 11, 42, 40, 34, 25, 53, 47, 50, 10, 55, 39, 49, 26, 48, 43, 38, 46, 44, 45, 23, 24, 5, 2, 1, 3, 4, 58, 56, 57, 35, 36, 0]
116;362;[0, 58, 56, 4, 5, 2, 3, 1, 24, 23, 45, 46, 44, 30, 29, 28, 38, 43, 48, 26, 49, 39, 55, 10, 50, 47, 53, 25, 34, 40, 42, 11, 33, 20, 19, 17, 16, 18, 27, 54, 41, 52, 51, 22, 21, 14, 15, 13, 12, 7, 8, 6, 9, 32, 31, 57, 37, 35, 36, 0]
117;360;[0, 37, 31, 32, 9, 6, 8, 7, 12, 13, 15, 14, 21, 22, 51, 52, 41, 54, 27, 18, 16, 17, 19, 20, 30, 29, 28, 33, 11, 42, 40, 34, 25, 53, 47, 50, 10, 55, 39, 49, 26, 48, 43, 38, 46, 44, 45, 23, 24, 5, 2, 1, 3, 4, 58, 56, 57, 35, 36, 0]
118;360;[0, 37, 58, 56, 4, 3, 1, 2, 5, 24, 23, 46, 44, 45, 38, 43, 48, 26, 49, 39, 55, 10, 50, 47, 53, 25, 34, 40, 42, 11, 33, 28, 29, 30, 20, 19, 17, 16, 18, 27, 54, 41, 52, 51, 22, 21, 14, 15, 13, 12, 7, 8, 6, 9, 31, 32, 57, 35, 36, 0]
119;361;[0, 37, 58, 56, 4, 5, 2, 3, 1, 24, 23, 46, 44, 45, 38, 43, 48, 26, 49, 39, 55, 10, 50, 47, 53, 25, 34, 40, 42, 11, 33, 28, 29, 30, 20, 19, 17, 16, 18, 27, 54, 41, 52, 51, 22, 21, 14, 15, 13, 12, 7, 8, 6, 9, 32, 31, 57, 35, 36, 0]
120;372;[0, 4, 3, 1, 2, 5, 24, 23, 45, 44, 46, 38, 43, 48, 26, 49, 55, 10, 50, 47, 53, 25, 34, 40, 42, 11, 33, 39, 28, 29, 30, 20, 19, 17, 16, 18, 27, 54, 41, 52, 51, 22, 21, 14, 15, 13, 12, 7, 8, 6, 9, 31, 32, 37, 35, 36, 57, 58, 56, 0]
121;360;[0, 37, 58, 56, 4, 3, 1, 2, 5, 24, 23, 46, 44, 45, 38, 43, 48, 26, 49, 39, 55, 10, 50, 47, 53, 25, 34, 40, 42, 11, 33, 28, 29, 30, 20, 19, 17, 16, 18, 27, 54, 41, 52, 51, 22, 21, 14, 15, 13, 12, 7, 8, 6, 9, 32, 31, 57, 35, 36, 0]
122;376;[0, 41, 54, 27, 18, 16, 17, 19, 20, 28, 29, 30, 44, 46, 45, 39, 33, 11, 42, 40, 34, 25, 53, 47, 50, 10, 55, 49, 26, 48, 43, 38, 24, 23, 5, 3, 1, 2, 4, 56, 58, 37, 35, 36, 57, 31, 32, 9, 6, 8, 7, 12, 13, 15, 14, 21, 22, 51, 52, 0]
123;363;[0, 37, 31, 32, 9, 6, 8, 7, 12, 13, 15, 14, 21, 22, 51, 52, 41, 54, 27, 18, 16, 17, 19, 20, 33, 11, 42, 40, 34, 25, 53, 47, 50, 10, 55, 39, 49, 26, 48, 43, 38, 28, 29, 30, 44, 46, 45, 23, 24, 5, 2, 1, 3, 4, 58, 56, 57, 35, 36, 0]
124;364;[0, 37, 58, 56, 4, 3, 1, 2, 5, 24, 23, 45, 46, 44, 38, 43, 48, 26, 49, 39, 55, 10, 50, 47, 53, 25, 34, 40, 42, 11, 33, 28, 29, 30, 20, 19, 17, 16, 18, 54, 41, 27, 51, 52, 22, 21, 14, 15, 13, 12, 7, 8, 6, 9, 32, 31, 57, 35, 36, 0]
125;360;[0, 32, 9, 6, 8, 7, 12, 13, 15, 14, 21, 22, 51, 52, 41, 54, 27, 18, 16, 17, 19, 20, 30, 29, 28, 33, 11, 42, 40, 34, 25, 53, 47, 50, 10, 55, 39, 49, 26, 48, 43, 38, 46, 44, 45, 23, 24, 5, 2, 1, 3, 4, 56, 58, 57, 35, 36, 37, 31, 0]
126;360;[0, 37, 58, 56, 4, 3, 1, 2, 5, 24, 23, 45, 46, 44, 30, 29, 28, 38, 43, 48, 26, 49, 39, 55, 10, 50, 47, 53, 25, 34, 40, 42, 11, 33, 20, 19, 17, 16, 18, 27, 54, 41, 52, 51, 22, 21, 14, 15, 13, 12, 7, 8, 6, 9, 32, 31, 57, 35, 36, 0]
127;368;[0, 37, 58, 56, 4, 3, 1, 2, 5, 24, 23, 45, 38, 43, 48, 26, 49, 39, 55, 10, 50, 47, 53, 25, 34, 40, 42, 11, 33, 29, 44, 46, 30, 28, 20, 19, 17, 16, 18, 27, 54, 41, 52, 51, 22, 21, 14, 15, 13, 12, 7, 8, 6, 9, 32, 31, 57, 35, 36, 0]
128;361;[0, 37, 58, 56, 4, 3, 1, 2, 5, 24, 23, 45, 44, 46, 38, 43, 48, 26, 49, 39, 55, 10, 50, 47, 53, 25, 34, 40, 42, 11, 33, 28, 29, 30, 20, 19, 17, 16, 18, 27, 54, 41, 52, 51, 22, 21, 14, 15, 13, 12, 7, 8, 6, 9, 31, 32, 57, 35, 36, 0]
129;364;[0, 37, 31, 32, 9, 6, 8, 7, 12, 13, 15, 14, 21, 22, 51, 52, 41, 54, 27, 18, 20, 19, 17, 16, 45, 46, 44, 30, 29, 28, 33, 11, 42, 40, 34, 25, 53, 47, 50, 10, 55, 39, 49, 26, 48, 43, 38, 24, 23, 5, 2, 1, 3, 4, 58, 56, 57, 35, 36, 0]
130;367;[0, 37, 58, 56, 4, 3, 1, 2, 5, 24, 23, 46, 44, 45, 38, 43, 48, 26, 49, 39, 55, 10, 50, 47, 33, 53, 25, 11, 42, 40, 34, 28, 29, 30, 20, 19, 17, 16, 18, 27, 54, 41, 52, 51, 22, 21, 14, 15, 13, 12, 7, 8, 6, 9, 32, 31, 57, 35, 36, 0]
131;362;[0, 37, 58, 56, 4, 5, 2, 3, 1, 24, 23, 45, 44, 46, 38, 43, 48, 26, 49, 39, 55, 10, 50, 47, 53, 25, 34, 40, 42, 11, 33, 28, 29, 30, 20, 19, 17, 16, 18, 27, 54, 41, 52, 51, 22, 21, 14, 15, 13, 12, 7, 8, 6, 9, 31, 32, 57, 35, 36, 0]
132;380;[0, 37, 36, 35, 57, 31, 32, 9, 6, 8, 7, 12, 13, 14, 21, 22, 51, 52, 41, 54, 27, 15, 58, 56, 4, 3, 1, 2, 5, 24, 23, 45, 46, 44, 30, 29, 28, 18, 16, 17, 19, 20, 33, 11, 42, 40, 34, 25, 53, 47, 50, 10, 55, 39, 49, 26, 48, 43, 38, 0]
133;361;[0, 37, 58, 56, 4, 3, 1, 2, 5, 24, 23, 45, 44, 46, 38, 43, 48, 26, 49, 39, 55, 10, 50, 47, 53, 25, 34, 40, 42, 11, 33, 28, 29, 30, 20, 19, 17, 16, 18, 27, 54, 41, 52, 51, 22, 21, 14, 15, 13, 12, 7, 8, 6, 9, 32, 31, 57, 35, 36, 0]
134;360;[0, 37, 31, 32, 9, 6, 8, 7, 12, 13, 15, 14, 21, 22, 51, 52, 41, 54, 27, 18, 16, 17, 19, 20, 30, 29, 28, 33, 11, 42, 40, 34, 25, 53, 47, 50, 10, 55, 39, 49, 26, 48, 43, 38, 46, 44, 45, 23, 24, 5, 2, 1, 3, 4, 58, 56, 57, 35, 36, 0]
135;363;[0, 37, 58, 56, 4, 5, 2, 3, 1, 38, 43, 48, 26, 49, 39, 55, 10, 50, 47, 53, 25, 34, 40, 42, 11, 33, 28, 29, 30, 44, 46, 45, 23, 24, 16, 17, 19, 20, 18, 27, 54, 41, 52, 51, 22, 21, 14, 15, 13, 12, 7, 8, 6, 9, 32, 31, 57, 35, 36, 0]
136;361;[0, 37, 58, 56, 4, 3, 1, 2, 5, 24, 23, 45, 44, 46, 38, 43, 48, 26, 49, 39, 55, 10, 50, 47, 53, 25, 34, 40, 42, 11, 33, 28, 29, 30, 20, 19, 17, 16, 18, 27, 54, 41, 52, 51, 22, 21, 14, 15, 13, 12, 7, 8, 6, 9, 32, 31, 57, 35, 36, 0]
137;360;[0, 37, 31, 32, 9, 6, 8, 7, 12, 13, 15, 14, 21, 22, 51, 52, 41, 54, 27, 18, 16, 17, 19, 20, 30, 29, 28, 33, 11, 42, 40, 34, 25, 53, 47, 50, 10, 55, 39, 49, 26, 48, 43, 38, 46, 44, 45, 24, 23, 5, 2, 1, 3, 4, 58, 56, 57, 35, 36, 0]
138;361;[0, 37, 58, 56, 4, 3, 1, 2, 5, 24, 23, 45, 44, 46, 38, 43, 48, 26, 49, 39, 55, 10, 50, 47, 53, 25, 34, 40, 42, 11, 33, 28, 29, 30, 20, 19, 17, 16, 18, 27, 54, 41, 52, 51, 22, 21, 14, 15, 13, 12, 7, 8, 6, 9, 32, 31, 57, 35, 36, 0]
139;361;[0, 37, 58, 56, 4, 3, 1, 2, 5, 24, 23, 45, 44, 46, 38, 43, 48, 26, 49, 39, 55, 10, 50, 47, 53, 25, 34, 40, 42, 11, 33, 28, 29, 30, 20, 19, 17, 16, 18, 27, 54, 41, 52, 51, 22, 21, 14, 15, 13, 12, 7, 8, 6, 9, 31, 32, 57, 35, 36, 0]
140;361;[0, 37, 35, 36, 58, 56, 4, 3, 1, 2, 5, 24, 23, 46, 44, 45, 38, 43, 48, 26, 49, 39, 55, 10, 50, 47, 53, 25, 34, 40, 42, 11, 33, 28, 29, 30, 20, 19, 17, 16, 18, 27, 54, 41, 52, 51, 22, 21, 14, 15, 13, 12, 7, 8, 6, 9, 31, 32, 57, 0]
141;397;[0, 37, 24, 23, 45, 44, 46, 38, 43, 48, 26, 49, 39, 55, 10, 50, 47, 25, 34, 40, 42, 11, 53, 33, 29, 30, 28, 16, 17, 20, 19, 18, 27, 54, 41, 52, 51, 1, 2, 5, 3, 4, 56, 58, 8, 22, 21, 14, 15, 13, 12, 7, 6, 9, 32, 31, 57, 35, 36, 0]
142;362;[0, 37, 58, 56, 4, 3, 5, 2, 1, 23, 24, 45, 46, 44, 38, 43, 48, 26, 49, 39, 55, 10, 50, 47, 53, 25, 34, 40, 42, 11, 33, 29, 30, 28, 20, 19, 17, 16, 18, 27, 54, 41, 52, 51, 22, 21, 14, 15, 13, 12, 7, 8, 6, 9, 32, 31, 57, 35, 36, 0]
143;360;[0, 37, 58, 56, 4, 3, 1, 2, 5, 24, 23, 45, 46, 44, 30, 29, 28, 38, 43, 48, 26, 49, 39, 55, 10, 50, 47, 53, 25, 34, 40, 42, 11, 33, 20, 19, 17, 16, 18, 27, 54, 41, 52, 51, 22, 21, 14, 15, 13, 12, 7, 8, 6, 9, 32, 31, 57, 35, 36, 0]
144;381;[0, 37, 16, 17, 19, 20, 18, 45, 46, 44, 30, 29, 28, 33, 11, 42, 40, 34, 25, 53, 47, 50, 10, 55, 39, 49, 26, 48, 43, 38, 24, 23, 5, 2, 1, 3, 4, 56, 58, 32, 9, 6, 8, 15, 27, 54, 41, 52, 51, 22, 21, 14, 13, 12, 7, 31, 57, 35, 36, 0]
145;361;[0, 37, 58, 56, 4, 5, 3, 2, 1, 23, 24, 45, 46, 44, 30, 29, 28, 48, 38, 43, 26, 49, 39, 55, 10, 50, 47, 53, 25, 34, 40, 42, 11, 33, 20, 19, 17, 16, 18, 27, 54, 41, 52, 51, 22, 21, 14, 15, 13, 12, 7, 8, 6, 9, 32, 31, 57, 35, 36, 0]
146;361;[0, 37, 58, 56, 4, 3, 1, 2, 5, 24, 23, 45, 46, 44, 38, 43, 48, 26, 49, 39, 55, 10, 50, 47, 53, 25, 34, 40, 42, 11, 33, 29, 30, 28, 20, 19, 17, 16, 18, 27, 54, 41, 52, 51, 22, 21, 14, 15, 13, 12, 7, 8, 6, 9, 32, 31, 57, 35, 36, 0]
147;361;[0, 37, 31, 32, 9, 6, 8, 7, 13, 12, 15, 14, 21, 22, 51, 52, 41, 54, 27, 18, 16, 17, 19, 20, 30, 29, 28, 33, 11, 42, 40, 34, 25, 53, 47, 50, 10, 55, 39, 49, 26, 48, 43, 38, 44, 46, 45, 23, 24, 5, 2, 1, 3, 4, 58, 56, 57, 35, 36, 0]
148;360;[0, 37, 58, 56, 4, 3, 1, 2, 5, 24, 23, 46, 44, 45, 38, 43, 48, 26, 49, 39, 55, 10, 50, 47, 53, 25, 34, 40, 42, 11, 33, 28, 29, 30, 20, 19, 17, 16, 18, 27, 54, 41, 52, 51, 22, 21, 14, 15, 13, 12, 7, 8, 6, 9, 32, 31, 57, 35, 36, 0]
149;365;[0, 37, 58, 56, 4, 3, 1, 2, 5, 24, 23, 26, 49, 39, 55, 10, 50, 47, 53, 25, 34, 40, 42, 11, 33, 48, 43, 38, 45, 46, 44, 30, 29, 28, 20, 19, 17, 16, 18, 27, 54, 41, 52, 51, 22, 21, 14, 15, 13, 12, 7, 8, 6, 9, 32, 31, 57, 35, 36, 0]
150;363;[0, 37, 31, 32, 9, 6, 8, 7, 12, 13, 15, 14, 21, 22, 51, 52, 41, 54, 27, 18, 16, 17, 19, 20, 33, 11, 42, 40, 34, 25, 53, 47, 50, 10, 55, 39, 49, 26, 48, 43, 38, 28, 29, 30, 44, 46, 45, 24, 23, 5, 2, 1, 3, 4, 58, 56, 57, 35, 36, 0]
151;361;[0, 37, 35, 36, 57, 58, 56, 4, 3, 1, 2, 5, 24, 23, 45, 46, 44, 38, 43, 48, 26, 49, 39, 55, 10, 50, 47, 53, 25, 34, 40, 42, 11, 33, 28, 29, 30, 20, 19, 17, 16, 18, 27, 54, 41, 52, 51, 22, 21, 14, 15, 13, 12, 7, 8, 6, 9, 32, 31, 0]
152;374;[0, 37, 58, 56, 4, 3, 1, 2, 5, 24, 23, 38, 43, 48, 26, 49, 55, 10, 50, 47, 53, 25, 34, 40, 42, 11, 33, 39, 28, 29, 44, 45, 46, 30, 20, 19, 17, 16, 18, 27, 54, 41, 52, 51, 22, 21, 14, 15, 13, 12, 7, 8, 6, 9, 32, 31, 57, 35, 36, 0]
153;360;[0, 37, 31, 32, 9, 6, 8, 7, 12, 13, 15, 14, 21, 22, 51, 52, 41, 54, 27, 18, 16, 17, 19, 20, 30, 29, 28, 33, 11, 42, 40, 34, 25, 53, 47, 50, 10, 55, 39, 49, 26, 48, 43, 38, 46, 44, 45, 23, 24, 5, 2, 1, 3, 4, 58, 56, 57, 35, 36, 0]
154;360;[0, 37, 58, 56, 4, 3, 1, 2, 5, 24, 23, 45, 46, 44, 38, 43, 48, 26, 49, 39, 55, 10, 50, 47, 53, 25, 34, 40, 42, 11, 33, 28, 29, 30, 20, 19, 17, 16, 18, 27, 54, 41, 52, 51, 22, 21, 14, 15, 13, 12, 7, 8, 6, 9, 32, 31, 57, 35, 36, 0]
155;379;[0, 37, 18, 16, 17, 19, 20, 30, 29, 28, 33, 11, 42, 40, 34, 25, 53, 47, 50, 10, 55, 39, 49, 26, 48, 43, 38, 46, 44, 45, 23, 24, 5, 2, 1, 3, 4, 56, 58, 8, 15, 27, 54, 41, 52, 51, 22, 21, 14, 13, 12, 7, 6, 9, 32, 31, 57, 35, 36, 0]
156;361;[0, 37, 58, 56, 4, 2, 5, 3, 1, 23, 24, 45, 46, 44, 38, 43, 48, 26, 49, 39, 55, 10, 50, 47, 53, 25, 34, 40, 42, 11, 33, 28, 29, 30, 20, 19, 17, 16, 18, 27, 54, 41, 52, 51, 22, 21, 14, 15, 13, 12, 7, 8, 6, 9, 32, 31, 57, 35, 36, 0]
157;364;[0, 37, 58, 56, 4, 3, 1, 2, 5, 24, 23, 38, 43, 48, 26, 49, 39, 55, 10, 50, 47, 53, 25, 34, 40, 42, 11, 33, 28, 29, 44, 46, 45, 30, 20, 19, 17, 16, 18, 27, 54, 41, 52, 51, 22, 21, 14, 15, 13, 12, 7, 8, 6, 9, 32, 31, 57, 35, 36, 0]
158;367;[0, 37, 31, 32, 9, 6, 8, 7, 12, 13, 15, 14, 21, 22, 51, 52, 41, 54, 27, 18, 20, 19, 17, 16, 23, 24, 38, 43, 48, 26, 49, 39, 55, 10, 50, 47, 53, 25, 34, 40, 42, 11, 33, 28, 29, 30, 44, 46, 45, 1, 3, 2, 5, 4, 56, 58, 57, 35, 36, 0]
159;361;[0, 37, 57, 31, 32, 9, 6, 8, 7, 13, 12, 15, 14, 21, 22, 51, 52, 41, 54, 27, 18, 16, 17, 19, 20, 30, 29, 28, 33, 11, 42, 40, 34, 25, 53, 47, 50, 10, 55, 39, 49, 26, 48, 43, 38, 46, 44, 45, 23, 24, 5, 2, 1, 3, 4, 58, 56, 35, 36, 0]
160;365;[0, 37, 58, 56, 4, 3, 1, 2, 5, 24, 23, 45, 44, 46, 38, 43, 48, 26, 49, 39, 55, 10, 50, 47, 25, 34, 40, 42, 11, 53, 33, 28, 29, 30, 20, 19, 17, 16, 18, 27, 54, 41, 52, 51, 22, 21, 14, 15, 13, 12, 7, 8, 6, 9, 32, 31, 57, 35, 36, 0]
161;360;[0, 37, 31, 32, 9, 6, 8, 7, 12, 13, 15, 14, 21, 22, 51, 52, 41, 54, 27, 18, 16, 17, 19, 20, 30, 29, 28, 33, 11, 42, 40, 34, 25, 53, 47, 50, 10, 55, 39, 49, 26, 48, 43, 38, 46, 44, 45, 24, 23, 5, 3, 1, 2, 4, 56, 58, 57, 35, 36, 0]
162;360;[0, 37, 58, 56, 4, 2, 1, 3, 5, 24, 23, 45, 46, 44, 38, 43, 48, 26, 49, 39, 55, 10, 50, 47, 53, 25, 34, 40, 42, 11, 33, 28, 29, 30, 20, 19, 17, 16, 18, 27, 54, 41, 52, 51, 22, 21, 14, 15, 13, 12, 7, 8, 6, 9, 32, 31, 57, 35, 36, 0]
163;361;[0, 37, 58, 56, 4, 5, 3, 2, 1, 24, 23, 46, 44, 45, 38, 43, 48, 26, 49, 39, 55, 10, 50, 47, 53, 25, 34, 40, 42, 11, 33, 28, 29, 30, 20, 19, 17, 16, 18, 27, 54, 41, 52, 51, 22, 21, 14, 15, 13, 12, 7, 8, 6, 9, 32, 31, 57, 35, 36, 0]
164;366;[0, 37, 58, 56, 4, 3, 1, 2, 5, 45, 46, 44, 30, 29, 28, 18, 16, 17, 19, 20, 33, 11, 42, 40, 34, 25, 53, 47, 50, 10, 55, 39, 49, 26, 48, 43, 38, 23, 24, 51, 52, 41, 54, 27, 22, 21, 14, 15, 13, 12, 7, 8, 6, 9, 32, 31, 57, 35, 36, 0]
165;383;[0, 37, 58, 56, 4, 3, 1, 45, 46, 44, 30, 29, 28, 18, 16, 17, 19, 20, 33, 11, 42, 40, 34, 25, 53, 47, 50, 10, 55, 39, 49, 26, 48, 43, 38, 24, 23, 5, 2, 31, 22, 51, 52, 41, 54, 27, 21, 14, 15, 13, 12, 7, 8, 6, 9, 32, 57, 35, 36, 0]
166;361;[0, 37, 58, 56, 4, 2, 1, 3, 5, 24, 23, 45, 44, 46, 38, 43, 48, 26, 49, 39, 55, 10, 50, 47, 53, 25, 34, 40, 42, 11, 33, 28, 29, 30, 20, 19, 17, 16, 18, 27, 54, 41, 52, 51, 22, 21, 14, 15, 13, 12, 7, 8, 6, 9, 32, 31, 57, 35, 36, 0]
167;361;[0, 37, 58, 56, 4, 5, 3, 2, 1, 23, 24, 46, 44, 45, 38, 43, 48, 26, 49, 39, 55, 10, 50, 47, 53, 25, 34, 40, 42, 11, 33, 28, 29, 30, 20, 19, 17, 16, 18, 27, 54, 41, 52, 51, 22, 21, 14, 15, 13, 12, 7, 8, 6, 9, 32, 31, 57, 35, 36, 0]
168;367;[0, 37, 58, 56, 4, 3, 1, 2, 5, 38, 43, 48, 26, 49, 39, 55, 10, 50, 47, 53, 25, 34, 40, 42, 11, 33, 20, 19, 17, 16, 18, 28, 29, 30, 44, 46, 45, 23, 24, 51, 52, 41, 54, 27, 22, 21, 14, 15, 13, 12, 7, 8, 6, 9, 32, 31, 57, 35, 36, 0]
169;365;[0, 37, 58, 56, 4, 5, 2, 3, 1, 23, 24, 38, 43, 48, 26, 49, 39, 55, 10, 50, 47, 53, 25, 34, 40, 42, 11, 33, 28, 29, 30, 45, 46, 44, 20, 19, 17, 16, 18, 27, 54, 41, 52, 51, 22, 21, 14, 15, 13, 12, 7, 8, 6, 9, 32, 31, 57, 35, 36, 0]
170;365;[0, 37, 58, 56, 4, 3, 1, 2, 5, 24, 23, 38, 43, 48, 26, 49, 39, 55, 10, 50, 47, 53, 25, 34, 40, 42, 11, 33, 29, 30, 44, 45, 46, 28, 20, 19, 17, 16, 18, 27, 54, 41, 52, 51, 22, 21, 14, 15, 13, 12, 7, 8, 6, 9, 32, 31, 57, 35, 36, 0]
171;369;[0, 37, 35, 36, 57, 58, 56, 4, 3, 1, 2, 5, 24, 23, 45, 44, 46, 38, 43, 26, 49, 39, 55, 10, 50, 47, 53, 25, 34, 40, 42, 11, 33, 48, 29, 30, 28, 20, 19, 17, 16, 18, 27, 54, 41, 52, 51, 22, 21, 14, 15, 13, 12, 7, 8, 6, 9, 32, 31, 0]
172;373;[0, 37, 58, 56, 4, 5, 2, 3, 1, 38, 43, 48, 26, 49, 55, 10, 50, 47, 53, 25, 34, 40, 42, 11, 33, 39, 28, 29, 30, 44, 46, 45, 23, 24, 16, 17, 19, 20, 18, 27, 54, 41, 52, 51, 22, 21, 14, 15, 13, 12, 7, 8, 6, 9, 32, 31, 57, 35, 36, 0]
173;360;[0, 37, 31, 32, 9, 6, 8, 7, 12, 13, 15, 14, 21, 22, 51, 52, 41, 54, 27, 18, 16, 17, 19, 20, 30, 29, 28, 33, 11, 42, 40, 34, 25, 53, 47, 50, 10, 55, 39, 49, 26, 48, 43, 38, 46, 44, 45, 23, 24, 5, 2, 1, 3, 4, 58, 56, 57, 35, 36, 0]
174;364;[0, 37, 31, 32, 9, 6, 8, 7, 12, 13, 15, 14, 21, 22, 51, 52, 41, 54, 27, 18, 20, 19, 17, 16, 45, 46, 44, 30, 29, 28, 33, 11, 42, 40, 34, 25, 53, 47, 50, 10, 55, 39, 49, 26, 48, 43, 38, 24, 23, 5, 2, 1, 3, 4, 58, 56, 57, 35, 36, 0]
175;360;[0, 37, 31, 32, 9, 6, 8, 7, 12, 13, 15, 14, 21, 22, 51, 52, 41, 54, 27, 18, 16, 17, 19, 20, 30, 29, 28, 33, 11, 42, 40, 34, 25, 53, 47, 50, 10, 55, 39, 49, 26, 48, 43, 38, 46, 44, 45, 23, 24, 5, 2, 1, 3, 4, 58, 56, 57, 35, 36, 0]
176;361;[0, 37, 58, 56, 4, 3, 1, 2, 5, 24, 23, 45, 44, 46, 38, 43, 48, 26, 49, 39, 55, 10, 50, 47, 53, 25, 34, 40, 42, 11, 33, 28, 29, 30, 20, 19, 17, 16, 18, 27, 54, 41, 52, 51, 22, 21, 14, 15, 13, 12, 7, 8, 6, 9, 32, 31, 57, 35, 36, 0]
177;368;[0, 37, 58, 56, 4, 2, 5, 3, 1, 23, 24, 38, 43, 48, 26, 49, 39, 55, 10, 50, 47, 33, 34, 40, 42, 11, 53, 25, 45, 46, 44, 30, 29, 28, 20, 19, 17, 16, 18, 27, 54, 41, 52, 51, 22, 21, 14, 15, 13, 12, 7, 8, 6, 9, 32, 31, 57, 35, 36, 0]
178;371;[0, 37, 58, 56, 57, 31, 32, 9, 6, 8, 7, 12, 13, 15, 14, 21, 22, 51, 52, 41, 54, 27, 18, 20, 19, 17, 16, 1, 3, 4, 2, 5, 24, 23, 45, 46, 44, 30, 29, 28, 33, 11, 42, 40, 34, 25, 53, 47, 50, 10, 55, 39, 49, 26, 48, 43, 38, 36, 35, 0]
179;361;[0, 37, 58, 56, 4, 3, 1, 2, 5, 24, 23, 45, 44, 46, 38, 43, 48, 26, 49, 39, 55, 10, 50, 47, 53, 25, 34, 40, 42, 11, 33, 28, 29, 30, 20, 19, 17, 16, 18, 27, 54, 41, 52, 51, 22, 21, 14, 15, 13, 12, 7, 8, 6, 9, 32, 31, 57, 35, 36, 0]
180;365;[0, 37, 35, 36, 57, 31, 32, 9, 6, 8, 7, 12, 13, 15, 14, 21, 22, 51, 52, 41, 54, 27, 18, 16, 17, 19, 20, 44, 45, 46, 30, 29, 28, 33, 11, 42, 40, 34, 25, 53, 47, 50, 10, 55, 39, 49, 26, 48, 43, 38, 24, 23, 5, 2, 1, 3, 4, 56, 58, 0]
181;385;[0, 37, 12, 13, 15, 14, 21, 22, 51, 52, 41, 54, 27, 7, 8, 6, 9, 31, 32, 4, 1, 2, 5, 24, 23, 45, 44, 46, 38, 43, 48, 26, 49, 39, 55, 10, 50, 47, 53, 25, 34, 40, 42, 11, 33, 28, 29, 30, 20, 19, 17, 16, 18, 3, 56, 58, 57, 35, 36, 0]
182;360;[0, 37, 58, 56, 4, 3, 1, 2, 5, 24, 23, 45, 46, 44, 38, 43, 48, 26, 49, 39, 55, 10, 50, 47, 53, 25, 34, 40, 42, 11, 33, 28, 29, 30, 20, 19, 17, 16, 18, 27, 54, 41, 52, 51, 22, 21, 14, 15, 13, 12, 7, 8, 6, 9, 32, 31, 57, 35, 36, 0]
183;361;[0, 37, 31, 32, 9, 6, 8, 7, 12, 13, 15, 14, 21, 22, 51, 52, 41, 54, 27, 18, 16, 17, 19, 20, 30, 29, 28, 33, 11, 42, 40, 34, 25, 53, 47, 50, 10, 55, 39, 49, 26, 48, 43, 38, 44, 46, 45, 24, 23, 5, 2, 1, 3, 4, 56, 58, 57, 35, 36, 0]
184;380;[0, 37, 24, 23, 45, 46, 44, 30, 29, 28, 18, 16, 17, 19, 20, 33, 11, 42, 40, 34, 25, 53, 47, 50, 10, 55, 39, 49, 26, 48, 43, 38, 1, 3, 2, 5, 4, 56, 58, 32, 7, 14, 21, 22, 51, 52, 41, 54, 27, 15, 13, 12, 8, 6, 9, 31, 57, 35, 36, 0]
185;378;[0, 37, 58, 56, 4, 3, 1, 2, 5, 24, 23, 45, 46, 44, 38, 43, 48, 26, 49, 55, 10, 50, 47, 33, 11, 53, 25, 42, 40, 34, 39, 28, 29, 30, 20, 19, 17, 16, 18, 27, 54, 41, 52, 51, 22, 21, 14, 15, 13, 12, 7, 8, 6, 9, 32, 31, 57, 35, 36, 0]
186;361;[0, 37, 58, 56, 4, 2, 1, 3, 5, 24, 23, 45, 44, 46, 38, 43, 48, 26, 49, 39, 55, 10, 50, 47, 53, 25, 34, 40, 42, 11, 33, 28, 29, 30, 20, 19, 17, 16, 18, 27, 54, 41, 52, 51, 22, 21, 14, 15, 13, 12, 7, 8, 6, 9, 32, 31, 57, 35, 36, 0]
187;378;[0, 26, 48, 43, 38, 46, 44, 45, 23, 24, 5, 2, 1, 3, 4, 56, 58, 57, 31, 32, 9, 6, 8, 15, 27, 54, 41, 52, 51, 22, 21, 14, 13, 12, 7, 37, 35, 36, 18, 16, 17, 19, 20, 30, 29, 28, 33, 11, 42, 40, 34, 25, 53, 47, 50, 10, 55, 39, 49, 0]
188;361;[0, 37, 58, 56, 4, 3, 1, 2, 5, 24, 23, 45, 44, 46, 38, 43, 48, 26, 49, 39, 55, 10, 50, 47, 53, 25, 34, 40, 42, 11, 33, 28, 29, 30, 20, 19, 17, 16, 18, 27, 54, 41, 52, 51, 22, 21, 14, 15, 13, 12, 7, 8, 6, 9, 32, 31, 57, 35, 36, 0]
189;363;[0, 37, 58, 56, 4, 5, 2, 3, 1, 38, 43, 48, 26, 49, 39, 55, 10, 50, 47, 53, 25, 34, 40, 42, 11, 33, 28, 29, 30, 44, 46, 45, 23, 24, 16, 17, 19, 20, 18, 27, 54, 41, 52, 51, 22, 21, 14, 15, 13, 12, 7, 8, 6, 9, 32, 31, 57, 35, 36, 0]
190;361;[0, 37, 58, 56, 4, 3, 1, 2, 5, 24, 23, 45, 44, 46, 38, 43, 48, 26, 49, 39, 55, 10, 50, 47, 53, 25, 34, 40, 42, 11, 33, 28, 29, 30, 20, 19, 17, 16, 18, 27, 54, 41, 52, 51, 22, 21, 14, 15, 13, 12, 7, 8, 6, 9, 32, 31, 57, 35, 36, 0]
191;384;[0, 37, 23, 24, 46, 44, 45, 38, 43, 48, 26, 49, 39, 55, 10, 50, 47, 53, 25, 34, 40, 42, 11, 33, 28, 29, 30, 20, 19, 17, 16, 18, 1, 2, 5, 3, 4, 56, 58, 32, 9, 6, 8, 7, 12, 13, 15, 21, 22, 51, 52, 41, 54, 27, 14, 31, 57, 35, 36, 0]
192;361;[0, 37, 31, 32, 9, 6, 8, 7, 13, 12, 15, 14, 21, 22, 51, 52, 41, 54, 27, 18, 16, 17, 19, 20, 30, 29, 28, 33, 11, 42, 40, 34, 25, 53, 47, 50, 10, 55, 39, 49, 26, 48, 43, 38, 44, 46, 45, 24, 23, 5, 3, 1, 2, 4, 56, 58, 57, 35, 36, 0]
193;365;[0, 37, 58, 56, 4, 5, 2, 3, 1, 23, 24, 38, 43, 48, 26, 49, 39, 55, 10, 50, 47, 53, 25, 34, 40, 42, 11, 33, 28, 29, 30, 45, 46, 44, 20, 19, 17, 16, 18, 27, 54, 41, 52, 51, 22, 21, 14, 15, 13, 12, 7, 8, 6, 9, 32, 31, 57, 35, 36, 0]
194;367;[0, 35, 57, 31, 32, 9, 6, 8, 7, 12, 13, 15, 14, 21, 22, 51, 52, 41, 54, 27, 18, 16, 17, 19, 20, 46, 44, 30, 29, 28, 33, 11, 42, 40, 34, 25, 53, 47, 50, 10, 55, 39, 49, 26, 48, 43, 38, 45, 23, 24, 5, 2, 1, 3, 4, 56, 58, 37, 36, 0]
195;360;[0, 37, 31, 32, 9, 6, 8, 7, 12, 13, 15, 14, 21, 22, 51, 52, 41, 54, 27, 18, 16, 17, 19, 20, 30, 29, 28, 33, 11, 42, 40, 34, 25, 53, 47, 50, 10, 55, 39, 49, 26, 48, 43, 38, 46, 44, 45, 24, 23, 5, 2, 1, 3, 4, 58, 56, 57, 35, 36, 0]
196;360;[0, 37, 58, 56, 4, 3, 1, 2, 5, 24, 23, 46, 44, 45, 38, 43, 48, 26, 49, 39, 55, 10, 50, 47, 53, 25, 34, 40, 42, 11, 33, 28, 29, 30, 20, 19, 17, 16, 18, 27, 54, 41, 52, 51, 22, 21, 14, 15, 13, 12, 7, 8, 6, 9, 32, 31, 57, 35, 36, 0]
197;360;[0, 37, 58, 56, 4, 3, 1, 2, 5, 24, 23, 45, 46, 44, 30, 29, 28, 38, 43, 48, 26, 49, 39, 55, 10, 50, 47, 53, 25, 34, 40, 42, 11, 33, 20, 19, 17, 16, 18, 27, 54, 41, 52, 51, 22, 21, 14, 15, 13, 12, 7, 8, 6, 9, 32, 31, 57, 35, 36, 0]
198;360;[0, 37, 31, 32, 9, 6, 8, 7, 12, 13, 15, 14, 21, 22, 51, 52, 41, 54, 27, 18, 16, 17, 19, 20, 30, 29, 28, 33, 11, 42, 40, 34, 25, 53, 47, 50, 10, 55, 39, 49, 26, 48, 43, 38, 46, 44, 45, 23, 24, 5, 2, 1, 3, 4, 58, 56, 57, 35, 36, 0]
199;361;[0, 37, 58, 56, 4, 3, 1, 2, 5, 24, 23, 45, 44, 46, 38, 43, 48, 26, 49, 39, 55, 10, 50, 47, 53, 25, 34, 40, 42, 11, 33, 28, 29, 30, 20, 19, 17, 16, 18, 27, 54, 41, 52, 51, 22, 21, 14, 15, 13, 12, 7, 8, 6, 9, 32, 31, 57, 35, 36, 0]
200;367;[0, 37, 58, 56, 4, 2, 5, 3, 1, 23, 24, 38, 43, 26, 49, 39, 55, 10, 50, 47, 53, 25, 34, 40, 42, 11, 33, 48, 45, 46, 44, 30, 29, 28, 20, 19, 17, 16, 18, 27, 54, 41, 52, 51, 22, 21, 14, 15, 13, 12, 7, 8, 6, 9, 32, 31, 57, 35, 36, 0]
201;360;[0, 37, 58, 56, 4, 3, 1, 2, 5, 24, 23, 46, 44, 45, 38, 43, 48, 26, 49, 39, 55, 10, 50, 47, 53, 25, 34, 40, 42, 11, 33, 28, 29, 30, 20, 19, 17, 16, 18, 27, 54, 41, 52, 51, 22, 21, 14, 15, 13, 12, 7, 8, 6, 9, 32, 31, 57, 35, 36, 0]
202;360;[0, 37, 58, 56, 4, 3, 1, 2, 5, 24, 23, 46, 44, 45, 38, 43, 48, 26, 49, 39, 55, 10, 50, 47, 53, 25, 34, 40, 42, 11, 33, 28, 29, 30, 20, 19, 17, 16, 18, 27, 54, 41, 52, 51, 22, 21, 14, 15, 13, 12, 7, 8, 6, 9, 32, 31, 57, 35, 36, 0]
203;364;[0, 37, 31, 32, 9, 6, 8, 7, 12, 13, 15, 14, 21, 22, 51, 52, 41, 54, 27, 18, 16, 17, 19, 20, 44, 46, 45, 30, 29, 28, 33, 11, 42, 40, 34, 25, 53, 47, 50, 10, 55, 39, 49, 26, 48, 43, 38, 24, 23, 5, 2, 1, 3, 4, 58, 56, 57, 35, 36, 0]
204;364;[0, 37, 35, 36, 57, 31, 32, 9, 6, 8, 7, 12, 13, 15, 14, 21, 22, 51, 52, 41, 54, 27, 18, 16, 17, 19, 20, 30, 29, 28, 33, 53, 11, 42, 40, 34, 25, 47, 50, 10, 55, 39, 49, 26, 48, 43, 38, 46, 44, 45, 23, 24, 5, 2, 1, 3, 4, 56, 58, 0]
205;360;[0, 37, 58, 56, 4, 3, 1, 2, 5, 24, 23, 45, 46, 44, 38, 43, 48, 26, 49, 39, 55, 10, 50, 47, 53, 25, 34, 40, 42, 11, 33, 28, 29, 30, 20, 19, 17, 16, 18, 27, 54, 41, 52, 51, 22, 21, 14, 15, 13, 12, 7, 8, 6, 9, 32, 31, 57, 35, 36, 0]
206;367;[0, 37, 35, 36, 57, 31, 32, 9, 6, 8, 7, 12, 13, 15, 14, 21, 22, 51, 52, 41, 54, 27, 18, 16, 17, 19, 20, 46, 44, 30, 29, 28, 33, 11, 42, 40, 34, 25, 53, 47, 50, 10, 55, 39, 49, 26, 48, 43, 38, 45, 24, 23, 5, 3, 1, 2, 4, 56, 58, 0]
207;360;[0, 37, 31, 32, 9, 6, 8, 7, 12, 13, 15, 14, 21, 22, 51, 52, 41, 54, 27, 18, 16, 17, 19, 20, 30, 29, 28, 33, 11, 42, 40, 34, 25, 53, 47, 50, 10, 55, 39, 49, 26, 48, 43, 38, 46, 44, 45, 23, 24, 5, 2, 1, 3, 4, 58, 56, 57, 35, 36, 0]
208;361;[0, 37, 35, 36, 31, 32, 9, 6, 8, 7, 12, 13, 15, 14, 21, 22, 51, 52, 41, 54, 27, 18, 16, 17, 19, 20, 30, 29, 28, 33, 11, 42, 40, 34, 25, 53, 47, 50, 10, 55, 39, 49, 26, 48, 43, 38, 46, 44, 45, 23, 24, 5, 2, 1, 3, 4, 58, 56, 57, 0]
209;362;[0, 37, 35, 36, 57, 31, 32, 9, 6, 8, 7, 12, 13, 15, 14, 21, 22, 51, 52, 41, 54, 27, 18, 16, 17, 19, 20, 30, 29, 28, 33, 11, 42, 40, 34, 25, 53, 47, 50, 10, 55, 39, 49, 26, 48, 43, 38, 44, 46, 45, 24, 23, 5, 3, 1, 2, 4, 56, 58, 0]
210;362;[0, 37, 58, 56, 4, 5, 2, 3, 1, 24, 23, 45, 44, 46, 38, 43, 48, 26, 49, 39, 55, 10, 50, 47, 53, 25, 34, 40, 42, 11, 33, 28, 29, 30, 20, 19, 17, 16, 18, 27, 54, 41, 52, 51, 22, 21, 14, 15, 13, 12, 7, 8, 6, 9, 32, 31, 57, 35, 36, 0]
211;364;[0, 37, 58, 56, 4, 3, 1, 2, 5, 24, 23, 25, 53, 34, 40, 42, 11, 33, 47, 50, 10, 55, 39, 49, 26, 48, 43, 38, 45, 46, 44, 30, 29, 28, 20, 19, 17, 16, 18, 27, 54, 41, 52, 51, 22, 21, 14, 15, 13, 12, 7, 8, 6, 9, 32, 31, 57, 35, 36, 0]
212;361;[0, 37, 58, 56, 4, 3, 1, 2, 5, 24, 23, 45, 46, 44, 38, 43, 48, 26, 49, 39, 55, 10, 50, 47, 53, 25, 34, 40, 42, 11, 33, 28, 29, 30, 16, 17, 20, 19, 18, 27, 54, 41, 52, 51, 22, 21, 14, 15, 13, 12, 7, 8, 6, 9, 32, 31, 57, 35, 36, 0]
213;364;[0, 23, 24, 5, 3, 1, 2, 4, 56, 58, 37, 36, 35, 57, 31, 32, 9, 6, 8, 7, 12, 13, 15, 14, 21, 22, 51, 52, 41, 54, 27, 18, 16, 17, 19, 20, 33, 11, 42, 40, 34, 25, 53, 47, 50, 10, 55, 39, 49, 26, 48, 43, 38, 28, 29, 30, 44, 46, 45, 0]
214;384;[0, 37, 45, 46, 44, 30, 29, 28, 33, 11, 42, 40, 34, 25, 53, 47, 50, 10, 55, 39, 49, 26, 48, 43, 38, 24, 23, 18, 20, 19, 17, 16, 1, 3, 5, 2, 4, 56, 58, 57, 31, 32, 9, 6, 8, 7, 12, 13, 14, 21, 22, 51, 52, 41, 54, 27, 15, 36, 35, 0]
215;371;[0, 37, 58, 56, 4, 3, 1, 2, 5, 45, 46, 44, 30, 29, 28, 39, 33, 11, 42, 40, 34, 25, 53, 47, 50, 10, 55, 49, 26, 48, 43, 38, 24, 23, 16, 17, 19, 20, 18, 27, 54, 41, 52, 51, 22, 21, 14, 15, 13, 12, 7, 8, 6, 9, 32, 31, 57, 35, 36, 0]
216;361;[0, 37, 58, 56, 4, 3, 5, 2, 1, 23, 24, 45, 46, 44, 38, 43, 48, 26, 49, 39, 55, 10, 50, 47, 53, 25, 34, 40, 42, 11, 33, 28, 29, 30, 20, 19, 17, 16, 18, 27, 54, 41, 52, 51, 22, 21, 14, 15, 13, 12, 7, 8, 6, 9, 32, 31, 57, 35, 36, 0]
217;362;[0, 32, 9, 6, 8, 7, 12, 13, 15, 14, 21, 22, 51, 52, 41, 54, 27, 18, 16, 17, 19, 20, 28, 30, 29, 33, 11, 42, 40, 34, 25, 53, 47, 50, 10, 55, 39, 49, 26, 48, 43, 38, 46, 44, 45, 23, 24, 1, 3, 2, 5, 4, 56, 58, 57, 35, 36, 37, 31, 0]
218;360;[0, 37, 58, 56, 4, 3, 1, 2, 5, 24, 23, 46, 44, 45, 38, 43, 48, 26, 49, 39, 55, 10, 50, 47, 53, 25, 34, 40, 42, 11, 33, 28, 29, 30, 20, 19, 17, 16, 18, 27, 54, 41, 52, 51, 22, 21, 14, 15, 13, 12, 7, 8, 6, 9, 32, 31, 57, 35, 36, 0]
219;360;[0, 37, 58, 56, 4, 3, 1, 2, 5, 24, 23, 46, 44, 45, 38, 43, 48, 26, 49, 39, 55, 10, 50, 47, 53, 25, 34, 40, 42, 11, 33, 28, 29, 30, 20, 19, 17, 16, 18, 27, 54, 41, 52, 51, 22, 21, 14, 15, 13, 12, 7, 8, 6, 9, 32, 31, 57, 35, 36, 0]
220;364;[0, 37, 58, 56, 4, 3, 1, 2, 5, 24, 23, 38, 43, 48, 26, 49, 39, 55, 10, 50, 47, 53, 25, 34, 40, 42, 11, 33, 28, 29, 30, 45, 46, 44, 20, 19, 17, 16, 18, 27, 54, 41, 52, 51, 22, 21, 14, 15, 13, 12, 7, 8, 6, 9, 31, 32, 57, 35, 36, 0]
221;383;[0, 37, 24, 23, 45, 44, 46, 38, 43, 48, 26, 49, 39, 55, 10, 50, 47, 53, 25, 34, 40, 42, 11, 33, 28, 29, 30, 20, 19, 18, 17, 16, 1, 3, 2, 5, 4, 56, 58, 32, 6, 8, 7, 12, 13, 15, 14, 21, 22, 51, 52, 41, 54, 27, 9, 31, 57, 35, 36, 0]
222;369;[0, 37, 58, 56, 4, 5, 2, 3, 1, 23, 24, 46, 30, 29, 44, 45, 38, 43, 48, 26, 49, 39, 55, 10, 50, 47, 53, 25, 34, 40, 42, 11, 33, 28, 20, 19, 17, 16, 18, 27, 54, 41, 52, 51, 22, 21, 14, 15, 13, 12, 7, 8, 6, 9, 32, 31, 57, 35, 36, 0]
223;360;[0, 37, 31, 32, 9, 6, 8, 7, 12, 13, 15, 14, 21, 22, 51, 52, 41, 54, 27, 18, 16, 17, 19, 20, 30, 29, 28, 33, 11, 42, 40, 34, 25, 53, 47, 50, 10, 55, 39, 49, 26, 48, 43, 38, 46, 44, 45, 23, 24, 5, 2, 1, 3, 4, 58, 56, 57, 35, 36, 0]
224;360;[0, 37, 58, 56, 4, 3, 1, 2, 5, 24, 23, 46, 44, 45, 38, 43, 48, 26, 49, 39, 55, 10, 50, 47, 53, 25, 34, 40, 42, 11, 33, 28, 29, 30, 20, 19, 17, 16, 18, 27, 54, 41, 52, 51, 22, 21, 14, 15, 13, 12, 7, 8, 6, 9, 32, 31, 57, 35, 36, 0]
225;361;[0, 37, 58, 56, 4, 3, 1, 2, 5, 24, 23, 45, 44, 46, 38, 43, 48, 26, 49, 39, 55, 10, 50, 47, 53, 25, 34, 40, 42, 11, 33, 28, 29, 30, 20, 19, 17, 16, 18, 27, 54, 41, 52, 51, 22, 21, 14, 15, 13, 12, 7, 8, 6, 9, 32, 31, 57, 35, 36, 0]
226;361;[0, 36, 37, 57, 31, 32, 9, 6, 8, 7, 12, 13, 15, 14, 21, 22, 51, 52, 41, 54, 27, 18, 16, 17, 19, 20, 30, 29, 28, 33, 11, 42, 40, 34, 25, 53, 47, 50, 10, 55, 39, 49, 26, 48, 43, 38, 46, 44, 45, 23, 24, 5, 2, 1, 3, 4, 58, 56, 35, 0]
227;376;[0, 37, 36, 35, 57, 31, 32, 9, 6, 8, 7, 13, 12, 15, 14, 21, 22, 51, 52, 41, 54, 27, 1, 3, 4, 58, 56, 2, 5, 24, 23, 45, 46, 44, 30, 29, 28, 18, 16, 17, 19, 20, 33, 11, 42, 40, 34, 25, 53, 47, 50, 10, 55, 39, 49, 26, 48, 43, 38, 0]
228;360;[0, 37, 31, 32, 9, 6, 8, 7, 12, 13, 15, 14, 21, 22, 51, 52, 41, 54, 27, 18, 16, 17, 19, 20, 30, 29, 28, 33, 11, 42, 40, 34, 25, 53, 47, 50, 10, 55, 39, 49, 26, 48, 43, 38, 46, 44, 45, 23, 24, 5, 2, 1, 3, 4, 58, 56, 57, 35, 36, 0]
229;363;[0, 37, 31, 32, 9, 6, 8, 7, 12, 13, 15, 14, 21, 22, 51, 52, 41, 54, 27, 18, 16, 17, 19, 20, 33, 11, 42, 40, 34, 25, 53, 47, 50, 10, 55, 39, 49, 26, 48, 43, 38, 28, 29, 30, 44, 46, 45, 23, 24, 5, 2, 1, 3, 4, 58, 56, 57, 35, 36, 0]
230;362;[0, 37, 58, 56, 4, 5, 2, 3, 1, 23, 24, 45, 44, 46, 38, 43, 48, 26, 49, 39, 55, 10, 50, 47, 53, 25, 34, 40, 42, 11, 33, 28, 29, 30, 20, 19, 17, 16, 18, 27, 54, 41, 52, 51, 22, 21, 14, 15, 13, 12, 7, 8, 6, 9, 32, 31, 57, 35, 36, 0]
231;379;[0, 16, 37, 36, 35, 57, 32, 9, 6, 8, 15, 27, 54, 41, 52, 51, 22, 21, 14, 13, 12, 7, 31, 58, 56, 4, 3, 1, 2, 5, 24, 23, 46, 44, 45, 38, 43, 48, 26, 49, 39, 55, 10, 50, 47, 53, 25, 34, 40, 42, 11, 33, 28, 29, 30, 20, 19, 18, 17, 0]
232;366;[0, 37, 31, 32, 9, 6, 8, 7, 12, 13, 15, 14, 21, 22, 51, 52, 41, 54, 27, 18, 16, 17, 19, 20, 28, 29, 30, 44, 46, 45, 25, 53, 34, 40, 42, 11, 33, 47, 50, 10, 55, 39, 49, 26, 48, 43, 38, 24, 23, 5, 2, 1, 3, 4, 58, 56, 57, 35, 36, 0]
233;367;[0, 37, 58, 56, 4, 3, 1, 2, 5, 24, 23, 45, 46, 44, 38, 43, 48, 26, 49, 39, 55, 10, 50, 47, 33, 53, 25, 11, 42, 40, 34, 28, 29, 30, 20, 19, 17, 16, 18, 27, 54, 41, 52, 51, 22, 21, 14, 15, 13, 12, 7, 8, 6, 9, 32, 31, 57, 35, 36, 0]
234;361;[0, 37, 58, 56, 4, 3, 1, 2, 5, 24, 23, 45, 44, 46, 38, 43, 48, 26, 49, 39, 55, 10, 50, 47, 53, 25, 34, 40, 42, 11, 33, 28, 29, 30, 20, 19, 17, 16, 18, 27, 54, 41, 52, 51, 22, 21, 14, 15, 13, 12, 7, 8, 6, 9, 32, 31, 57, 35, 36, 0]
235;361;[0, 37, 58, 56, 4, 3, 1, 2, 5, 24, 23, 45, 44, 46, 38, 43, 48, 26, 49, 39, 55, 10, 50, 47, 53, 25, 34, 40, 42, 11, 33, 28, 29, 30, 20, 19, 17, 16, 18, 27, 54, 41, 52, 51, 22, 21, 14, 15, 13, 12, 7, 8, 6, 9, 32, 31, 57, 35, 36, 0]
236;361;[0, 37, 58, 56, 4, 3, 5, 2, 1, 23, 24, 46, 44, 45, 38, 43, 48, 26, 49, 39, 55, 10, 50, 47, 53, 25, 34, 40, 42, 11, 33, 28, 29, 30, 20, 19, 17, 16, 18, 27, 54, 41, 52, 51, 22, 21, 14, 15, 13, 12, 7, 8, 6, 9, 32, 31, 57, 35, 36, 0]
237;361;[0, 38, 46, 44, 45, 23, 24, 5, 3, 1, 2, 4, 56, 58, 37, 36, 35, 57, 31, 32, 9, 6, 8, 7, 12, 13, 15, 14, 21, 22, 51, 52, 41, 54, 27, 18, 16, 17, 19, 20, 30, 29, 28, 33, 11, 42, 40, 34, 25, 53, 47, 50, 10, 55, 39, 49, 26, 48, 43, 0]
238;360;[0, 37, 58, 56, 4, 3, 1, 2, 5, 24, 23, 45, 46, 44, 38, 43, 48, 26, 49, 39, 55, 10, 50, 47, 53, 25, 34, 40, 42, 11, 33, 28, 29, 30, 20, 19, 17, 16, 18, 27, 54, 41, 52, 51, 22, 21, 14, 15, 13, 12, 7, 8, 6, 9, 32, 31, 57, 35, 36, 0]
239;360;[0, 37, 58, 56, 4, 3, 1, 2, 5, 24, 23, 45, 46, 44, 38, 43, 48, 26, 49, 39, 55, 10, 50, 47, 53, 25, 34, 40, 42, 11, 33, 28, 29, 30, 20, 19, 17, 16, 18, 27, 54, 41, 52, 51, 22, 21, 14, 15, 13, 12, 7, 8, 6, 9, 31, 32, 57, 35, 36, 0]
240;361;[0, 37, 58, 56, 4, 3, 1, 2, 5, 24, 23, 45, 44, 46, 38, 43, 48, 26, 49, 39, 55, 10, 50, 47, 53, 25, 34, 40, 42, 11, 33, 28, 29, 30, 20, 19, 17, 16, 18, 27, 54, 41, 52, 51, 22, 21, 14, 15, 13, 12, 7, 8, 6, 9, 32, 31, 57, 35, 36, 0]
241;366;[0, 37, 31, 32, 9, 6, 8, 7, 12, 13, 15, 14, 21, 22, 51, 52, 41, 54, 27, 18, 20, 19, 17, 16, 24, 23, 45, 46, 44, 30, 29, 28, 33, 11, 42, 40, 34, 25, 53, 47, 50, 10, 55, 39, 49, 26, 48, 43, 38, 1, 2, 5, 3, 4, 58, 56, 57, 35, 36, 0]
242;360;[0, 37, 58, 56, 4, 3, 1, 2, 5, 24, 23, 46, 44, 45, 38, 43, 48, 26, 49, 39, 55, 10, 50, 47, 53, 25, 34, 40, 42, 11, 33, 28, 29, 30, 20, 19, 17, 16, 18, 27, 54, 41, 52, 51, 22, 21, 14, 15, 13, 12, 7, 8, 6, 9, 32, 31, 57, 35, 36, 0]
243;361;[0, 56, 58, 4, 3, 1, 2, 5, 24, 23, 45, 46, 44, 38, 43, 48, 26, 49, 39, 55, 10, 50, 47, 53, 25, 34, 40, 42, 11, 33, 28, 29, 30, 20, 19, 17, 16, 18, 27, 54, 41, 52, 51, 22, 21, 14, 15, 13, 12, 7, 8, 6, 9, 32, 31, 57, 37, 35, 36, 0]
244;385;[0, 37, 45, 46, 44, 30, 29, 28, 18, 16, 17, 19, 20, 34, 40, 42, 25, 53, 11, 33, 47, 50, 10, 55, 39, 49, 26, 48, 43, 38, 24, 23, 5, 2, 1, 3, 4, 56, 58, 8, 7, 12, 13, 21, 22, 51, 52, 41, 54, 27, 14, 15, 6, 9, 32, 31, 57, 35, 36, 0]
245;368;[0, 37, 58, 56, 4, 3, 1, 2, 5, 24, 23, 44, 46, 45, 38, 43, 48, 26, 49, 39, 55, 10, 50, 47, 33, 53, 25, 11, 42, 40, 34, 28, 29, 30, 20, 19, 17, 16, 18, 27, 54, 41, 52, 51, 22, 21, 14, 15, 13, 12, 7, 8, 6, 9, 32, 31, 57, 35, 36, 0]
246;367;[0, 37, 31, 32, 9, 6, 8, 7, 12, 13, 15, 14, 21, 22, 51, 52, 41, 54, 27, 18, 20, 19, 17, 16, 23, 24, 38, 43, 48, 26, 49, 39, 55, 10, 50, 47, 53, 25, 34, 40, 42, 11, 33, 28, 29, 30, 44, 46, 45, 1, 2, 5, 3, 4, 58, 56, 57, 35, 36, 0]
247;362;[0, 37, 58, 56, 4, 3, 1, 2, 5, 24, 23, 45, 44, 46, 38, 43, 48, 26, 49, 39, 55, 10, 50, 47, 53, 25, 34, 40, 42, 11, 33, 29, 30, 28, 20, 19, 17, 16, 18, 27, 54, 41, 52, 51, 22, 21, 14, 15, 13, 12, 7, 8, 6, 9, 32, 31, 57, 35, 36, 0]
248;379;[0, 37, 16, 17, 18, 19, 20, 30, 29, 28, 33, 11, 42, 40, 34, 25, 53, 47, 50, 10, 55, 39, 49, 26, 48, 43, 38, 46, 44, 45, 23, 24, 5, 2, 1, 3, 4, 56, 58, 8, 15, 14, 21, 22, 51, 52, 41, 54, 27, 13, 12, 7, 6, 9, 32, 31, 57, 35, 36, 0]
249;360;[0, 37, 58, 56, 4, 3, 1, 2, 5, 24, 23, 46, 44, 45, 38, 43, 48, 26, 49, 39, 55, 10, 50, 47, 53, 25, 34, 40, 42, 11, 33, 28, 29, 30, 20, 19, 17, 16, 18, 27, 54, 41, 52, 51, 22, 21, 14, 15, 13, 12, 7, 8, 6, 9, 32, 31, 57, 35, 36, 0]
250;361;[0, 37, 58, 56, 4, 3, 1, 2, 5, 24, 23, 45, 44, 46, 38, 43, 48, 26, 49, 39, 55, 10, 50, 47, 53, 25, 34, 40, 42, 11, 33, 28, 29, 30, 20, 19, 17, 16, 18, 27, 54, 41, 52, 51, 22, 21, 14, 15, 13, 12, 7, 8, 6, 9, 32, 31, 57, 35, 36, 0]
251;365;[0, 37, 58, 56, 4, 5, 2, 3, 1, 24, 23, 25, 53, 34, 40, 42, 11, 33, 47, 50, 10, 55, 39, 49, 26, 48, 43, 38, 45, 46, 44, 30, 29, 28, 20, 19, 17, 16, 18, 27, 54, 41, 52, 51, 22, 21, 14, 15, 13, 12, 7, 8, 6, 9, 32, 31, 57, 35, 36, 0]
252;360;[0, 37, 31, 32, 9, 6, 8, 7, 12, 13, 15, 14, 21, 22, 51, 52, 41, 54, 27, 18, 16, 17, 19, 20, 30, 29, 28, 33, 11, 42, 40, 34, 25, 53, 47, 50, 10, 55, 39, 49, 26, 48, 43, 38, 46, 44, 45, 23, 24, 5, 3, 1, 2, 4, 58, 56, 57, 35, 36, 0]
253;361;[0, 37, 31, 32, 9, 6, 8, 7, 13, 12, 15, 14, 21, 22, 51, 52, 41, 54, 27, 18, 16, 17, 19, 20, 30, 29, 28, 33, 11, 42, 40, 34, 25, 53, 47, 50, 10, 55, 39, 49, 26, 48, 43, 38, 44, 46, 45, 24, 23, 5, 2, 1, 3, 4, 58, 56, 57, 35, 36, 0]
254;391;[0, 37, 24, 23, 45, 44, 46, 38, 43, 48, 26, 49, 39, 55, 10, 50, 47, 53, 25, 34, 40, 42, 11, 33, 28, 29, 30, 20, 19, 17, 16, 18, 27, 54, 41, 52, 51, 1, 2, 5, 3, 4, 56, 58, 8, 22, 21, 14, 15, 13, 12, 7, 6, 9, 32, 31, 57, 35, 36, 0]
255;365;[0, 37, 58, 56, 4, 2, 5, 3, 1, 23, 24, 38, 43, 48, 26, 49, 39, 55, 10, 50, 47, 53, 25, 34, 40, 42, 11, 33, 28, 29, 30, 44, 46, 45, 16, 17, 20, 19, 18, 27, 54, 41, 52, 51, 22, 21, 14, 15, 13, 12, 7, 8, 6, 9, 32, 31, 57, 35, 36, 0]
256;386;[0, 37, 16, 17, 18, 19, 20, 33, 11, 42, 40, 34, 25, 53, 47, 50, 10, 55, 39, 49, 26, 48, 43, 28, 29, 30, 44, 46, 45, 38, 24, 23, 5, 2, 1, 3, 4, 56, 58, 32, 14, 21, 22, 51, 52, 41, 54, 27, 15, 13, 12, 7, 8, 6, 9, 31, 57, 35, 36, 0]
257;362;[0, 37, 58, 56, 4, 5, 2, 3, 1, 24, 23, 45, 44, 46, 38, 43, 48, 26, 49, 39, 55, 10, 50, 47, 53, 25, 34, 40, 42, 11, 33, 28, 29, 30, 20, 19, 17, 16, 18, 27, 54, 41, 52, 51, 22, 21, 14, 15, 13, 12, 7, 8, 6, 9, 32, 31, 57, 35, 36, 0]
258;362;[0, 37, 58, 56, 4, 5, 2, 3, 1, 24, 23, 45, 44, 46, 38, 43, 48, 26, 49, 39, 55, 10, 50, 47, 53, 25, 34, 40, 42, 11, 33, 28, 29, 30, 20, 19, 17, 16, 18, 27, 54, 41, 52, 51, 22, 21, 14, 15, 13, 12, 7, 8, 6, 9, 32, 31, 57, 35, 36, 0]
259;364;[0, 37, 31, 32, 9, 6, 8, 7, 12, 13, 15, 14, 21, 22, 51, 52, 41, 54, 27, 18, 16, 17, 19, 20, 46, 45, 44, 30, 29, 28, 33, 11, 42, 40, 34, 25, 53, 47, 50, 10, 55, 39, 49, 26, 48, 43, 38, 24, 23, 5, 2, 1, 3, 4, 56, 58, 57, 35, 36, 0]
260;361;[0, 37, 58, 56, 4, 3, 1, 2, 5, 24, 23, 45, 44, 46, 38, 43, 48, 26, 49, 39, 55, 10, 50, 47, 53, 25, 34, 40, 42, 11, 33, 28, 29, 30, 20, 19, 17, 16, 18, 27, 54, 41, 52, 51, 22, 21, 14, 15, 13, 12, 7, 8, 6, 9, 32, 31, 57, 35, 36, 0]
261;361;[0, 51, 22, 21, 14, 15, 13, 12, 7, 8, 6, 9, 31, 32, 57, 35, 36, 37, 58, 56, 4, 3, 5, 2, 1, 23, 24, 45, 46, 44, 38, 43, 48, 26, 49, 39, 55, 10, 50, 47, 53, 25, 34, 40, 42, 11, 33, 28, 29, 30, 20, 19, 17, 16, 18, 27, 54, 41, 52, 0]
262;365;[0, 37, 58, 56, 4, 5, 2, 3, 1, 24, 23, 25, 53, 34, 40, 42, 11, 33, 47, 50, 10, 55, 39, 49, 26, 48, 43, 38, 45, 46, 44, 30, 29, 28, 20, 19, 17, 16, 18, 27, 54, 41, 52, 51, 22, 21, 14, 15, 13, 12, 7, 8, 6, 9, 32, 31, 57, 35, 36, 0]
263;368;[0, 37, 58, 56, 4, 3, 1, 2, 5, 24, 23, 46, 30, 44, 45, 38, 43, 48, 26, 49, 39, 55, 10, 50, 47, 53, 25, 34, 40, 42, 11, 33, 28, 29, 20, 19, 17, 16, 18, 27, 54, 41, 52, 51, 22, 21, 14, 15, 13, 12, 7, 8, 6, 9, 32, 31, 57, 35, 36, 0]
264;380;[0, 37, 18, 16, 17, 19, 20, 30, 29, 28, 33, 11, 42, 40, 34, 25, 53, 47, 50, 10, 55, 39, 49, 26, 48, 43, 38, 46, 44, 45, 23, 24, 5, 2, 1, 3, 4, 56, 58, 32, 9, 6, 8, 7, 13, 12, 15, 27, 54, 41, 52, 51, 22, 21, 14, 31, 57, 35, 36, 0]
265;366;[0, 37, 31, 32, 9, 6, 8, 7, 12, 13, 15, 14, 21, 22, 51, 52, 41, 54, 27, 18, 20, 19, 17, 16, 24, 23, 45, 46, 44, 30, 29, 28, 33, 11, 42, 40, 34, 25, 53, 47, 50, 10, 55, 39, 49, 26, 48, 43, 38, 1, 3, 5, 2, 4, 58, 56, 57, 35, 36, 0]
266;361;[0, 37, 58, 56, 4, 5, 2, 3, 1, 23, 24, 45, 46, 44, 30, 29, 28, 38, 43, 48, 26, 49, 39, 55, 10, 50, 47, 53, 25, 34, 40, 42, 11, 33, 20, 19, 17, 16, 18, 27, 54, 41, 52, 51, 22, 21, 14, 15, 13, 12, 7, 8, 6, 9, 32, 31, 57, 35, 36, 0]
267;367;[0, 37, 58, 56, 4, 5, 2, 3, 1, 38, 43, 48, 26, 49, 39, 55, 10, 50, 47, 53, 25, 34, 40, 42, 11, 33, 20, 19, 17, 16, 18, 28, 29, 30, 44, 46, 45, 23, 24, 51, 52, 41, 54, 27, 22, 21, 14, 15, 13, 12, 7, 8, 6, 9, 32, 31, 57, 35, 36, 0]
268;364;[0, 37, 31, 32, 9, 6, 8, 7, 12, 13, 15, 14, 21, 22, 51, 52, 41, 54, 27, 18, 16, 17, 19, 20, 44, 46, 45, 30, 29, 28, 33, 11, 42, 40, 34, 25, 53, 47, 50, 10, 55, 39, 49, 26, 48, 43, 38, 24, 23, 5, 2, 1, 3, 4, 58, 56, 57, 35, 36, 0]
269;361;[0, 37, 58, 56, 4, 2, 1, 3, 5, 24, 23, 45, 44, 46, 38, 43, 48, 26, 49, 39, 55, 10, 50, 47, 53, 25, 34, 40, 42, 11, 33, 28, 29, 30, 20, 19, 17, 16, 18, 27, 54, 41, 52, 51, 22, 21, 14, 15, 13, 12, 7, 8, 6, 9, 32, 31, 57, 35, 36, 0]
270;369;[0, 37, 58, 56, 4, 5, 3, 2, 1, 23, 24, 38, 43, 48, 26, 49, 39, 55, 10, 50, 47, 33, 53, 11, 42, 40, 34, 25, 45, 46, 44, 30, 29, 28, 20, 19, 17, 16, 18, 27, 54, 41, 52, 51, 22, 21, 14, 15, 13, 12, 7, 8, 6, 9, 32, 31, 57, 35, 36, 0]
271;362;[0, 37, 58, 56, 4, 5, 2, 3, 1, 45, 46, 44, 30, 29, 28, 33, 11, 42, 40, 34, 25, 53, 47, 50, 10, 55, 39, 49, 26, 48, 43, 38, 24, 23, 16, 17, 20, 19, 18, 27, 54, 41, 52, 51, 22, 21, 14, 15, 13, 12, 7, 8, 6, 9, 32, 31, 57, 35, 36, 0]
272;379;[0, 37, 16, 17, 19, 20, 18, 30, 29, 28, 33, 11, 42, 40, 34, 25, 53, 47, 50, 10, 55, 39, 49, 26, 48, 43, 38, 46, 44, 45, 23, 24, 5, 2, 1, 3, 4, 56, 58, 32, 9, 6, 8, 15, 27, 54, 41, 52, 51, 22, 21, 14, 13, 12, 7, 31, 57, 35, 36, 0]
273;362;[0, 37, 58, 56, 4, 5, 3, 2, 1, 24, 23, 45, 44, 46, 38, 43, 48, 26, 49, 39, 55, 10, 50, 47, 53, 25, 34, 40, 42, 11, 33, 28, 29, 30, 20, 19, 17, 16, 18, 27, 54, 41, 52, 51, 22, 21, 14, 15, 13, 12, 7, 8, 6, 9, 32, 31, 57, 35, 36, 0]
274;360;[0, 37, 31, 32, 9, 6, 8, 7, 12, 13, 15, 14, 21, 22, 51, 52, 41, 54, 27, 18, 16, 17, 19, 20, 30, 29, 28, 33, 11, 42, 40, 34, 25, 53, 47, 50, 10, 55, 39, 49, 26, 48, 43, 38, 46, 44, 45, 23, 24, 5, 2, 1, 3, 4, 58, 56, 57, 35, 36, 0]
275;378;[0, 37, 18, 16, 17, 19, 20, 30, 29, 28, 33, 11, 42, 40, 34, 25, 53, 47, 50, 10, 55, 39, 49, 26, 48, 43, 38, 46, 44, 45, 23, 24, 5, 2, 1, 3, 4, 56, 58, 32, 9, 6, 8, 15, 27, 54, 41, 52, 51, 22, 21, 14, 13, 12, 7, 31, 57, 35, 36, 0]
276;360;[0, 37, 58, 56, 4, 3, 1, 2, 5, 24, 23, 45, 46, 44, 30, 29, 28, 48, 43, 38, 26, 49, 39, 55, 10, 50, 47, 53, 25, 34, 40, 42, 11, 33, 20, 19, 17, 16, 18, 27, 54, 41, 52, 51, 22, 21, 14, 15, 13, 12, 7, 8, 6, 9, 32, 31, 57, 35, 36, 0]
277;364;[0, 37, 31, 32, 9, 6, 8, 7, 12, 13, 15, 14, 21, 22, 51, 52, 41, 54, 27, 18, 20, 19, 17, 16, 45, 46, 44, 30, 29, 28, 33, 11, 42, 40, 34, 25, 53, 47, 50, 10, 55, 39, 49, 26, 48, 43, 38, 24, 23, 5, 2, 1, 3, 4, 58, 56, 57, 35, 36, 0]
278;360;[0, 37, 31, 32, 9, 6, 8, 7, 12, 13, 15, 14, 21, 22, 51, 52, 41, 54, 27, 18, 16, 17, 19, 20, 30, 29, 28, 33, 11, 42, 40, 34, 25, 53, 47, 50, 10, 55, 39, 49, 26, 48, 43, 38, 46, 44, 45, 23, 24, 5, 2, 1, 3, 4, 58, 56, 57, 35, 36, 0]
279;381;[0, 37, 45, 46, 44, 30, 29, 28, 18, 16, 17, 19, 20, 33, 53, 11, 42, 40, 34, 25, 47, 50, 10, 55, 39, 49, 26, 48, 43, 38, 24, 23, 5, 2, 1, 3, 4, 56, 58, 32, 9, 6, 8, 15, 27, 54, 41, 52, 51, 22, 21, 14, 13, 12, 7, 31, 57, 35, 36, 0]
280;368;[0, 37, 58, 56, 4, 3, 1, 2, 5, 24, 23, 45, 46, 44, 30, 29, 28, 38, 43, 48, 26, 49, 39, 55, 10, 50, 47, 33, 53, 25, 11, 42, 40, 34, 20, 19, 17, 16, 18, 27, 54, 41, 52, 51, 22, 21, 14, 15, 13, 12, 7, 8, 6, 9, 32, 31, 57, 35, 36, 0]
281;360;[0, 37, 31, 32, 9, 6, 8, 7, 12, 13, 15, 14, 21, 22, 51, 52, 41, 54, 27, 18, 16, 17, 19, 20, 30, 29, 28, 33, 11, 42, 40, 34, 25, 53, 47, 50, 10, 55, 39, 49, 26, 48, 43, 38, 46, 44, 45, 24, 23, 5, 3, 1, 2, 4, 56, 58, 57, 35, 36, 0]
282;371;[0, 37, 58, 56, 4, 2, 5, 3, 1, 23, 24, 45, 46, 44, 38, 43, 48, 26, 49, 55, 10, 50, 47, 53, 25, 34, 40, 42, 11, 33, 39, 28, 29, 30, 20, 19, 17, 16, 18, 27, 54, 41, 52, 51, 22, 21, 14, 15, 13, 12, 7, 8, 6, 9, 32, 31, 57, 35, 36, 0]
283;380;[0, 4, 56, 58, 32, 9, 6, 8, 15, 27, 54, 41, 52, 51, 22, 21, 14, 13, 12, 7, 31, 57, 35, 36, 37, 24, 23, 45, 46, 44, 30, 29, 28, 18, 16, 17, 19, 20, 33, 11, 42, 40, 34, 25, 53, 47, 50, 10, 55, 39, 49, 26, 48, 43, 38, 1, 3, 5, 2, 0]
284;360;[0, 37, 31, 32, 9, 6, 8, 7, 12, 13, 15, 14, 21, 22, 51, 52, 41, 54, 27, 18, 16, 17, 19, 20, 30, 29, 28, 33, 11, 42, 40, 34, 25, 53, 47, 50, 10, 55, 39, 49, 26, 48, 43, 38, 46, 44, 45, 23, 24, 5, 2, 1, 3, 4, 58, 56, 57, 35, 36, 0]
285;360;[0, 37, 58, 56, 4, 3, 1, 2, 5, 24, 23, 45, 46, 44, 30, 29, 28, 38, 43, 48, 26, 49, 39, 55, 10, 50, 47, 53, 25, 34, 40, 42, 11, 33, 20, 19, 17, 16, 18, 27, 54, 41, 52, 51, 22, 21, 14, 15, 13, 12, 7, 8, 6, 9, 32, 31, 57, 35, 36, 0]
286;361;[0, 20, 19, 17, 16, 18, 27, 54, 41, 52, 51, 22, 21, 14, 15, 13, 12, 7, 8, 6, 9, 32, 31, 37, 36, 35, 57, 56, 58, 4, 3, 1, 2, 5, 24, 23, 45, 46, 44, 30, 29, 28, 38, 43, 48, 26, 49, 39, 55, 10, 50, 47, 53, 25, 34, 40, 42, 11, 33, 0]
287;360;[0, 37, 58, 56, 4, 3, 1, 2, 5, 24, 23, 45, 46, 44, 30, 29, 28, 43, 38, 48, 26, 49, 39, 55, 10, 50, 47, 53, 25, 34, 40, 42, 11, 33, 20, 19, 17, 16, 18, 27, 54, 41, 52, 51, 22, 21, 14, 15, 13, 12, 7, 8, 6, 9, 32, 31, 57, 35, 36, 0]
288;368;[0, 37, 58, 56, 4, 3, 1, 2, 5, 24, 23, 45, 44, 46, 38, 43, 48, 26, 49, 39, 55, 10, 50, 47, 33, 53, 25, 11, 42, 40, 34, 28, 29, 30, 20, 19, 17, 16, 18, 27, 54, 41, 52, 51, 22, 21, 14, 15, 13, 12, 7, 8, 6, 9, 32, 31, 57, 35, 36, 0]
289;365;[0, 37, 35, 36, 58, 56, 4, 3, 1, 2, 5, 24, 23, 38, 43, 48, 26, 49, 39, 55, 10, 50, 47, 53, 25, 34, 40, 42, 11, 33, 28, 29, 30, 45, 46, 44, 20, 19, 17, 16, 18, 27, 54, 41, 52, 51, 22, 21, 14, 15, 13, 12, 7, 8, 6, 9, 32, 31, 57, 0]
290;382;[0, 37, 14, 21, 22, 51, 52, 41, 54, 27, 15, 13, 12, 7, 8, 6, 9, 32, 31, 56, 4, 3, 1, 2, 5, 24, 23, 46, 44, 45, 38, 43, 48, 26, 49, 39, 55, 10, 50, 47, 53, 25, 34, 40, 42, 11, 33, 28, 29, 30, 20, 19, 17, 16, 18, 58, 57, 35, 36, 0]
291;383;[0, 37, 18, 16, 17, 19, 20, 33, 11, 42, 40, 34, 25, 53, 47, 50, 10, 55, 39, 49, 26, 48, 38, 43, 28, 29, 30, 44, 46, 45, 23, 24, 5, 3, 1, 2, 4, 56, 58, 32, 9, 6, 8, 7, 12, 13, 15, 21, 22, 51, 52, 41, 54, 27, 14, 31, 57, 35, 36, 0]
292;360;[0, 37, 58, 56, 4, 3, 1, 2, 5, 24, 23, 46, 44, 45, 38, 43, 48, 26, 49, 39, 55, 10, 50, 47, 53, 25, 34, 40, 42, 11, 33, 28, 29, 30, 20, 19, 17, 16, 18, 27, 54, 41, 52, 51, 22, 21, 14, 15, 13, 12, 7, 8, 6, 9, 32, 31, 57, 35, 36, 0]
293;361;[0, 37, 58, 56, 4, 3, 1, 2, 5, 24, 23, 45, 44, 46, 38, 43, 48, 26, 49, 39, 55, 10, 50, 47, 53, 25, 34, 40, 42, 11, 33, 28, 29, 30, 20, 19, 17, 16, 18, 27, 54, 41, 52, 51, 22, 21, 14, 15, 13, 12, 7, 8, 6, 9, 32, 31, 57, 35, 36, 0]
294;360;[0, 37, 58, 56, 4, 3, 1, 2, 5, 24, 23, 45, 46, 44, 38, 43, 48, 26, 49, 39, 55, 10, 50, 47, 53, 25, 34, 40, 42, 11, 33, 28, 29, 30, 20, 19, 17, 16, 18, 27, 54, 41, 52, 51, 22, 21, 14, 15, 13, 12, 7, 8, 6, 9, 32, 31, 57, 35, 36, 0]
295;362;[0, 19, 20, 28, 30, 29, 33, 11, 42, 40, 34, 25, 53, 47, 50, 10, 55, 39, 49, 26, 48, 43, 38, 46, 44, 45, 23, 24, 5, 2, 1, 3, 4, 58, 56, 36, 35, 37, 57, 31, 32, 9, 6, 8, 7, 12, 13, 15, 14, 21, 22, 51, 52, 41, 54, 27, 18, 16, 17, 0]
296;361;[0, 37, 31, 32, 9, 6, 8, 7, 12, 13, 15, 14, 21, 22, 51, 52, 41, 54, 27, 18, 16, 17, 19, 20, 28, 30, 29, 33, 11, 42, 40, 34, 25, 53, 47, 50, 10, 55, 39, 49, 26, 48, 43, 38, 46, 44, 45, 23, 24, 5, 3, 1, 2, 4, 58, 56, 57, 35, 36, 0]
297;379;[0, 37, 18, 16, 17, 19, 20, 30, 29, 28, 33, 11, 42, 40, 34, 25, 53, 47, 50, 10, 55, 39, 49, 26, 48, 43, 38, 46, 44, 45, 23, 24, 5, 2, 1, 3, 4, 56, 58, 31, 15, 14, 27, 54, 41, 52, 51, 22, 21, 13, 12, 7, 8, 6, 9, 32, 57, 35, 36, 0]
298;361;[0, 37, 58, 56, 4, 3, 1, 2, 5, 24, 23, 45, 44, 46, 38, 43, 48, 26, 49, 39, 55, 10, 50, 47, 53, 25, 34, 40, 42, 11, 33, 28, 29, 30, 20, 19, 17, 16, 18, 27, 54, 41, 52, 51, 22, 21, 14, 15, 13, 12, 7, 8, 6, 9, 32, 31, 57, 35, 36, 0]
299;360;[0, 37, 58, 56, 4, 3, 1, 2, 5, 24, 23, 45, 46, 44, 30, 29, 28, 38, 43, 48, 26, 49, 39, 55, 10, 50, 47, 53, 25, 34, 40, 42, 11, 33, 20, 19, 17, 16, 18, 27, 54, 41, 52, 51, 22, 21, 14, 15, 13, 12, 7, 8, 6, 9, 32, 31, 57, 35, 36, 0]
