0;377;[0, 7, 8, 6, 9, 31, 32, 36, 35, 37, 57, 56, 58, 4, 5, 2, 3, 1, 24, 23, 45, 46, 44, 38, 43, 26, 49, 39, 55, 10, 50, 47, 33, 11, 53, 25, 42, 40, 34, 48, 29, 30, 28, 20, 19, 17, 16, 18, 27, 54, 41, 52, 51, 22, 21, 14, 15, 13, 12, 0]
1;364;[0, 7, 13, 12, 15, 14, 21, 22, 51, 52, 41, 54, 27, 18, 16, 17, 19, 20, 33, 11, 42, 40, 34, 25, 53, 47, 50, 10, 55, 39, 49, 26, 43, 38, 48, 28, 29, 30, 44, 46, 45, 23, 24, 5, 3, 1, 2, 4, 56, 58, 36, 35, 37, 57, 31, 32, 9, 6, 8, 0]
2;365;[0, 7, 13, 12, 15, 14, 21, 22, 51, 52, 41, 54, 27, 18, 20, 19, 17, 16, 45, 46, 44, 30, 29, 28, 33, 11, 42, 40, 34, 25, 53, 47, 50, 10, 55, 39, 49, 26, 48, 43, 38, 24, 23, 5, 3, 1, 2, 4, 56, 58, 37, 35, 36, 57, 31, 32, 9, 6, 8, 0]
3;364;[0, 7, 13, 12, 15, 14, 21, 22, 51, 52, 41, 54, 27, 18, 16, 17, 19, 20, 33, 11, 42, 40, 34, 25, 53, 47, 50, 10, 55, 39, 49, 26, 43, 38, 48, 28, 29, 30, 44, 46, 45, 23, 24, 5, 3, 1, 2, 4, 56, 58, 37, 36, 35, 57, 31, 32, 9, 6, 8, 0]
4;364;[0, 7, 13, 12, 15, 14, 21, 22, 51, 52, 41, 54, 27, 18, 16, 17, 19, 20, 33, 11, 42, 40, 34, 25, 53, 47, 50, 10, 55, 39, 49, 26, 43, 38, 48, 28, 29, 30, 44, 46, 45, 23, 24, 5, 3, 1, 2, 4, 56, 58, 57, 37, 35, 36, 31, 32, 9, 6, 8, 0]
5;364;[0, 7, 12, 13, 15, 14, 21, 22, 51, 52, 41, 54, 27, 18, 16, 17, 19, 20, 33, 11, 42, 40, 34, 25, 53, 47, 50, 10, 55, 39, 49, 26, 48, 43, 38, 28, 29, 30, 44, 46, 45, 23, 24, 5, 3, 1, 2, 4, 56, 58, 36, 35, 37, 57, 31, 32, 9, 6, 8, 0]
6;367;[0, 7, 13, 12, 15, 14, 21, 22, 51, 52, 41, 54, 27, 18, 16, 17, 19, 20, 28, 29, 30, 44, 46, 45, 25, 53, 34, 40, 42, 11, 33, 47, 50, 10, 55, 39, 49, 26, 48, 43, 38, 24, 23, 5, 2, 1, 3, 4, 58, 56, 36, 35, 37, 57, 31, 32, 9, 6, 8, 0]
7;364;[0, 7, 13, 12, 15, 14, 21, 22, 51, 52, 41, 54, 27, 18, 16, 17, 19, 20, 33, 11, 42, 40, 34, 25, 53, 47, 50, 10, 55, 39, 49, 26, 43, 38, 48, 28, 29, 30, 44, 46, 45, 23, 24, 5, 3, 1, 2, 4, 56, 58, 36, 35, 37, 57, 31, 32, 9, 6, 8, 0]
8;364;[0, 7, 13, 12, 15, 14, 21, 22, 51, 52, 41, 54, 27, 18, 16, 17, 19, 20, 33, 11, 42, 40, 34, 25, 53, 47, 50, 10, 55, 39, 49, 26, 43, 38, 48, 28, 29, 30, 44, 46, 45, 24, 23, 5, 2, 1, 3, 4, 56, 58, 36, 35, 37, 57, 31, 32, 9, 6, 8, 0]
9;367;[0, 7, 13, 12, 15, 14, 21, 22, 51, 52, 41, 54, 27, 18, 16, 17, 19, 20, 33, 53, 11, 42, 40, 34, 25, 47, 50, 10, 55, 39, 49, 26, 43, 38, 48, 28, 29, 30, 44, 46, 45, 23, 24, 5, 3, 1, 2, 4, 56, 58, 36, 35, 37, 57, 31, 32, 9, 6, 8, 0]
10;364;[0, 7, 13, 12, 15, 14, 21, 22, 51, 52, 41, 54, 27, 18, 16, 17, 19, 20, 33, 11, 42, 40, 34, 25, 53, 47, 50, 10, 55, 39, 49, 26, 43, 38, 48, 28, 29, 30, 44, 46, 45, 23, 24, 5, 3, 1, 2, 4, 56, 58, 36, 35, 37, 57, 31, 32, 9, 6, 8, 0]
11;364;[0, 7, 13, 12, 15, 14, 21, 22, 51, 52, 41, 54, 27, 18, 16, 17, 19, 20, 33, 11, 42, 40, 34, 25, 53, 47, 50, 10, 55, 39, 49, 26, 43, 38, 48, 28, 29, 30, 44, 46, 45, 23, 24, 5, 3, 1, 2, 4, 58, 56, 36, 35, 37, 57, 31, 32, 9, 6, 8, 0]
12;361;[0, 7, 8, 6, 9, 32, 31, 57, 37, 35, 36, 58, 56, 4, 2, 1, 3, 5, 24, 23, 45, 46, 44, 30, 29, 28, 48, 38, 43, 26, 49, 39, 55, 10, 50, 47, 53, 25, 34, 40, 42, 11, 33, 20, 19, 17, 16, 18, 27, 54, 41, 52, 51, 22, 21, 14, 15, 13, 12, 0]
13;366;[0, 7, 8, 6, 9, 32, 31, 57, 37, 35, 36, 58, 56, 4, 2, 1, 3, 5, 24, 23, 38, 43, 48, 26, 49, 39, 55, 10, 50, 47, 53, 25, 34, 40, 42, 11, 33, 29, 44, 46, 45, 30, 28, 20, 19, 17, 16, 18, 27, 54, 41, 52, 51, 22, 21, 14, 15, 13, 12, 0]
14;367;[0, 18, 27, 54, 41, 52, 51, 22, 21, 14, 15, 13, 12, 7, 8, 6, 9, 32, 31, 36, 35, 37, 57, 56, 58, 4, 3, 1, 2, 5, 24, 23, 45, 46, 44, 38, 43, 26, 49, 39, 55, 10, 50, 47, 53, 25, 34, 40, 42, 11, 33, 48, 28, 29, 30, 20, 19, 17, 16, 0]
15;365;[0, 7, 8, 6, 9, 32, 31, 57, 37, 35, 36, 58, 56, 4, 2, 1, 3, 5, 24, 23, 38, 43, 48, 26, 49, 39, 55, 10, 50, 47, 53, 25, 34, 40, 42, 11, 33, 28, 29, 30, 45, 46, 44, 20, 19, 17, 16, 18, 27, 54, 41, 52, 51, 22, 21, 14, 15, 13, 12, 0]
16;362;[0, 7, 8, 6, 9, 32, 31, 57, 37, 35, 36, 58, 56, 4, 5, 3, 2, 1, 24, 23, 45, 46, 44, 30, 29, 28, 48, 38, 43, 26, 49, 39, 55, 10, 50, 47, 53, 25, 34, 40, 42, 11, 33, 20, 19, 17, 16, 18, 27, 54, 41, 52, 51, 22, 21, 14, 15, 13, 12, 0]
17;369;[0, 7, 8, 6, 9, 32, 31, 57, 35, 36, 37, 58, 56, 4, 5, 3, 2, 1, 38, 43, 26, 49, 39, 55, 10, 50, 47, 53, 25, 34, 40, 42, 11, 33, 48, 28, 29, 30, 44, 46, 45, 23, 24, 16, 17, 19, 20, 18, 27, 54, 41, 52, 51, 22, 21, 14, 15, 13, 12, 0]
18;365;[0, 7, 8, 6, 9, 32, 31, 57, 37, 35, 36, 58, 56, 4, 2, 1, 3, 5, 24, 23, 38, 43, 48, 26, 49, 39, 55, 10, 50, 47, 53, 25, 34, 40, 42, 11, 33, 28, 29, 30, 45, 46, 44, 20, 19, 17, 16, 18, 27, 54, 41, 52, 51, 22, 21, 14, 15, 13, 12, 0]
19;362;[0, 7, 8, 6, 9, 32, 31, 57, 37, 35, 36, 58, 56, 4, 5, 3, 2, 1, 24, 23, 45, 46, 44, 30, 29, 28, 48, 38, 43, 26, 49, 39, 55, 10, 50, 47, 53, 25, 34, 40, 42, 11, 33, 20, 19, 17, 16, 18, 27, 54, 41, 52, 51, 22, 21, 14, 15, 13, 12, 0]
20;361;[0, 7, 8, 6, 9, 32, 31, 57, 37, 35, 36, 58, 56, 4, 2, 1, 3, 5, 24, 23, 45, 46, 44, 30, 29, 28, 48, 38, 43, 26, 49, 39, 55, 10, 50, 47, 53, 25, 34, 40, 42, 11, 33, 20, 19, 17, 16, 18, 27, 54, 41, 52, 51, 22, 21, 14, 15, 13, 12, 0]
21;362;[0, 7, 8, 6, 9, 32, 31, 37, 35, 36, 57, 56, 58, 4, 5, 3, 2, 1, 23, 24, 45, 46, 44, 30, 29, 28, 48, 38, 43, 26, 49, 39, 55, 10, 50, 47, 53, 25, 34, 40, 42, 11, 33, 20, 19, 17, 16, 18, 27, 54, 41, 52, 51, 22, 21, 14, 15, 13, 12, 0]
22;370;[0, 7, 8, 6, 9, 32, 31, 57, 37, 35, 36, 58, 56, 4, 5, 3, 2, 1, 38, 43, 26, 49, 39, 55, 10, 50, 47, 53, 25, 34, 40, 42, 11, 33, 48, 28, 29, 30, 44, 46, 45, 23, 24, 16, 17, 19, 20, 18, 27, 54, 41, 52, 51, 22, 21, 14, 15, 13, 12, 0]
23;366;[0, 7, 8, 6, 9, 32, 31, 37, 36, 35, 57, 56, 58, 4, 2, 1, 3, 5, 24, 23, 26, 49, 39, 55, 10, 50, 47, 53, 25, 34, 40, 42, 11, 33, 48, 43, 38, 45, 46, 44, 30, 29, 28, 20, 19, 17, 16, 18, 27, 54, 41, 52, 51, 22, 21, 14, 15, 13, 12, 0]
24;361;[0, 7, 8, 6, 9, 32, 31, 57, 37, 35, 36, 58, 56, 4, 2, 1, 3, 5, 24, 23, 45, 46, 44, 30, 29, 28, 48, 38, 43, 26, 49, 39, 55, 10, 50, 47, 53, 25, 34, 40, 42, 11, 33, 20, 19, 17, 16, 18, 27, 54, 41, 52, 51, 22, 21, 14, 15, 13, 12, 0]
25;367;[0, 7, 8, 6, 9, 32, 31, 57, 35, 36, 37, 58, 56, 4, 5, 3, 2, 1, 24, 23, 43, 26, 49, 39, 55, 10, 50, 47, 53, 25, 34, 40, 42, 11, 33, 48, 38, 45, 46, 44, 30, 29, 28, 20, 19, 17, 16, 18, 27, 54, 41, 52, 51, 22, 21, 14, 15, 13, 12, 0]
26;392;[0, 7, 8, 6, 9, 32, 31, 57, 4, 2, 3, 1, 16, 17, 19, 20, 18, 24, 23, 38, 43, 26, 49, 39, 55, 10, 50, 47, 53, 25, 34, 40, 42, 11, 33, 48, 28, 29, 30, 44, 46, 45, 5, 56, 58, 36, 35, 37, 14, 21, 22, 51, 52, 41, 54, 27, 15, 13, 12, 0]
27;362;[0, 7, 8, 6, 9, 31, 32, 57, 37, 35, 36, 56, 58, 4, 5, 3, 2, 1, 24, 23, 45, 46, 44, 30, 29, 28, 38, 43, 48, 26, 49, 39, 55, 10, 50, 47, 53, 25, 34, 40, 42, 11, 33, 20, 19, 17, 16, 18, 27, 54, 41, 52, 51, 22, 21, 14, 15, 13, 12, 0]
28;382;[0, 7, 8, 37, 35, 36, 58, 56, 3, 5, 24, 23, 45, 46, 44, 30, 29, 28, 48, 38, 43, 26, 49, 39, 55, 10, 50, 47, 53, 25, 34, 40, 42, 11, 33, 20, 19, 17, 16, 18, 1, 2, 4, 57, 31, 32, 9, 6, 14, 21, 22, 51, 52, 41, 54, 27, 15, 13, 12, 0]
29;369;[0, 7, 8, 6, 9, 32, 31, 57, 35, 36, 37, 58, 56, 4, 3, 5, 2, 1, 23, 24, 45, 46, 44, 30, 29, 28, 48, 38, 43, 26, 49, 39, 55, 10, 50, 47, 33, 53, 25, 11, 42, 40, 34, 20, 19, 17, 16, 18, 27, 54, 41, 52, 51, 22, 21, 14, 15, 13, 12, 0]
30;364;[0, 7, 13, 12, 15, 14, 21, 22, 51, 52, 41, 54, 27, 18, 16, 17, 19, 20, 33, 11, 42, 40, 34, 25, 53, 47, 50, 10, 55, 39, 49, 26, 43, 38, 48, 28, 29, 30, 44, 46, 45, 23, 24, 5, 3, 1, 2, 4, 56, 58, 37, 35, 36, 57, 31, 32, 9, 6, 8, 0]
31;366;[0, 7, 8, 6, 9, 32, 31, 57, 37, 35, 36, 58, 56, 4, 2, 1, 3, 5, 24, 23, 45, 46, 44, 30, 29, 43, 38, 48, 26, 49, 39, 55, 10, 50, 47, 53, 25, 34, 40, 42, 11, 33, 28, 20, 19, 17, 16, 18, 27, 54, 41, 52, 51, 22, 21, 14, 15, 13, 12, 0]
32;386;[0, 7, 6, 9, 4, 3, 1, 18, 16, 17, 19, 20, 33, 11, 42, 40, 34, 25, 53, 47, 50, 10, 55, 39, 49, 26, 43, 38, 48, 28, 29, 30, 44, 46, 45, 24, 23, 5, 2, 56, 58, 37, 35, 36, 57, 31, 32, 8, 15, 14, 21, 22, 51, 52, 41, 54, 27, 13, 12, 0]
33;364;[0, 7, 13, 12, 15, 14, 21, 22, 51, 52, 41, 54, 27, 18, 16, 17, 19, 20, 33, 11, 42, 40, 34, 25, 53, 47, 50, 10, 55, 39, 49, 26, 48, 43, 38, 28, 29, 30, 44, 46, 45, 23, 24, 5, 3, 1, 2, 4, 56, 58, 36, 35, 37, 57, 31, 32, 9, 6, 8, 0]
34;381;[0, 7, 8, 6, 9, 32, 31, 57, 37, 35, 36, 58, 56, 4, 2, 1, 3, 5, 24, 23, 44, 46, 45, 25, 34, 40, 42, 53, 11, 33, 47, 50, 10, 55, 39, 49, 26, 43, 38, 48, 28, 29, 30, 20, 19, 17, 16, 18, 54, 41, 27, 51, 52, 22, 21, 14, 15, 13, 12, 0]
35;361;[0, 7, 8, 6, 9, 32, 31, 57, 37, 35, 36, 58, 56, 4, 2, 1, 3, 5, 24, 23, 45, 46, 44, 30, 29, 28, 48, 38, 43, 26, 49, 39, 55, 10, 50, 47, 53, 25, 34, 40, 42, 11, 33, 20, 19, 17, 16, 18, 27, 54, 41, 52, 51, 22, 21, 14, 15, 13, 12, 0]
36;377;[0, 7, 8, 6, 9, 32, 31, 36, 35, 37, 57, 58, 56, 4, 3, 5, 2, 1, 25, 53, 34, 40, 42, 11, 33, 47, 50, 10, 55, 39, 49, 26, 43, 38, 48, 28, 29, 30, 44, 46, 45, 23, 24, 16, 17, 19, 20, 18, 27, 54, 41, 52, 51, 22, 21, 14, 15, 13, 12, 0]
37;370;[0, 7, 8, 6, 9, 32, 31, 57, 37, 35, 36, 58, 56, 4, 2, 5, 3, 1, 23, 24, 38, 43, 48, 26, 49, 39, 55, 10, 50, 47, 33, 11, 42, 40, 34, 53, 25, 45, 46, 44, 30, 29, 28, 20, 19, 17, 16, 18, 27, 54, 41, 52, 51, 22, 21, 14, 15, 13, 12, 0]
38;361;[0, 7, 8, 6, 9, 32, 31, 37, 35, 36, 57, 58, 56, 4, 3, 1, 2, 5, 24, 23, 45, 46, 44, 38, 43, 48, 26, 49, 39, 55, 10, 50, 47, 53, 25, 34, 40, 42, 11, 33, 28, 29, 30, 20, 19, 17, 16, 18, 27, 54, 41, 52, 51, 22, 21, 14, 15, 13, 12, 0]
39;361;[0, 7, 8, 6, 9, 32, 31, 57, 35, 36, 37, 58, 56, 4, 3, 1, 2, 5, 24, 23, 44, 46, 45, 38, 43, 48, 26, 49, 39, 55, 10, 50, 47, 53, 25, 34, 40, 42, 11, 33, 28, 29, 30, 20, 19, 17, 16, 18, 27, 54, 41, 52, 51, 22, 21, 14, 15, 13, 12, 0]
40;367;[0, 7, 8, 6, 9, 32, 31, 57, 37, 35, 36, 58, 56, 4, 2, 1, 3, 5, 24, 23, 45, 46, 44, 38, 43, 26, 49, 39, 55, 10, 50, 47, 53, 25, 34, 40, 42, 11, 33, 48, 28, 29, 30, 20, 19, 17, 16, 18, 27, 54, 41, 52, 51, 22, 21, 14, 15, 13, 12, 0]
41;361;[0, 9, 32, 31, 57, 37, 35, 36, 58, 56, 4, 2, 1, 3, 5, 24, 23, 45, 46, 44, 30, 29, 28, 48, 38, 43, 26, 49, 39, 55, 10, 50, 47, 53, 25, 34, 40, 42, 11, 33, 20, 19, 17, 16, 18, 27, 54, 41, 52, 51, 22, 21, 14, 15, 13, 12, 7, 8, 6, 0]
42;361;[0, 7, 8, 6, 9, 32, 31, 36, 35, 37, 57, 58, 56, 4, 2, 1, 3, 5, 24, 23, 45, 46, 44, 30, 29, 28, 48, 38, 43, 26, 49, 39, 55, 10, 50, 47, 53, 25, 34, 40, 42, 11, 33, 20, 19, 17, 16, 18, 27, 54, 41, 52, 51, 22, 21, 14, 15, 13, 12, 0]
43;382;[0, 7, 6, 9, 31, 57, 35, 36, 37, 18, 16, 17, 19, 20, 33, 11, 42, 40, 34, 25, 53, 47, 50, 10, 55, 39, 49, 26, 43, 38, 48, 28, 29, 30, 44, 46, 45, 23, 24, 5, 3, 1, 2, 4, 56, 58, 32, 8, 22, 27, 54, 41, 52, 51, 21, 14, 15, 13, 12, 0]
44;364;[0, 7, 8, 6, 9, 32, 31, 37, 35, 36, 57, 56, 58, 4, 2, 1, 3, 5, 24, 23, 38, 43, 48, 26, 49, 39, 55, 10, 50, 47, 53, 25, 34, 40, 42, 11, 33, 28, 29, 30, 44, 46, 45, 16, 17, 19, 20, 18, 27, 54, 41, 52, 51, 22, 21, 14, 15, 13, 12, 0]
45;361;[0, 7, 8, 6, 9, 31, 32, 37, 35, 36, 57, 56, 58, 4, 2, 1, 3, 5, 24, 23, 45, 46, 44, 30, 29, 28, 48, 38, 43, 26, 49, 39, 55, 10, 50, 47, 53, 25, 34, 40, 42, 11, 33, 20, 19, 17, 16, 18, 27, 54, 41, 52, 51, 22, 21, 14, 15, 13, 12, 0]
46;380;[0, 7, 31, 57, 35, 36, 37, 24, 23, 45, 46, 44, 30, 29, 28, 18, 16, 17, 19, 20, 33, 11, 42, 40, 34, 25, 53, 47, 50, 10, 55, 39, 49, 26, 48, 43, 38, 5, 3, 1, 2, 4, 56, 58, 32, 9, 6, 8, 15, 27, 54, 41, 52, 51, 22, 21, 14, 13, 12, 0]
47;366;[0, 7, 8, 6, 9, 32, 31, 57, 37, 35, 36, 58, 56, 4, 2, 1, 3, 5, 24, 23, 45, 46, 44, 30, 29, 48, 38, 43, 26, 49, 39, 55, 10, 50, 47, 53, 25, 34, 40, 42, 11, 33, 28, 20, 19, 17, 16, 18, 27, 54, 41, 52, 51, 22, 21, 14, 15, 13, 12, 0]
48;362;[0, 7, 8, 6, 9, 32, 31, 57, 37, 35, 36, 56, 58, 4, 3, 1, 2, 5, 24, 23, 44, 46, 45, 38, 43, 48, 26, 49, 39, 55, 10, 50, 47, 53, 25, 34, 40, 42, 11, 33, 28, 29, 30, 20, 19, 17, 16, 18, 27, 54, 41, 52, 51, 22, 21, 14, 15, 13, 12, 0]
49;360;[0, 7, 8, 6, 9, 32, 31, 57, 35, 36, 37, 58, 56, 4, 2, 1, 3, 5, 24, 23, 45, 46, 44, 30, 29, 28, 38, 43, 48, 26, 49, 39, 55, 10, 50, 47, 53, 25, 34, 40, 42, 11, 33, 20, 19, 17, 16, 18, 27, 54, 41, 52, 51, 22, 21, 14, 15, 13, 12, 0]
50;360;[0, 7, 8, 6, 9, 32, 31, 57, 35, 36, 37, 58, 56, 4, 3, 1, 2, 5, 24, 23, 45, 46, 44, 30, 29, 28, 43, 38, 48, 26, 49, 39, 55, 10, 50, 47, 53, 25, 34, 40, 42, 11, 33, 20, 19, 17, 16, 18, 27, 54, 41, 52, 51, 22, 21, 14, 15, 13, 12, 0]
51;362;[0, 7, 8, 6, 9, 31, 32, 37, 36, 35, 57, 58, 56, 4, 3, 5, 2, 1, 23, 24, 45, 46, 44, 38, 43, 48, 26, 49, 39, 55, 10, 50, 47, 53, 25, 34, 40, 42, 11, 33, 28, 29, 30, 20, 19, 17, 16, 18, 27, 54, 41, 52, 51, 22, 21, 14, 15, 13, 12, 0]
52;362;[0, 13, 7, 8, 6, 9, 32, 31, 37, 36, 35, 57, 58, 56, 4, 3, 1, 2, 5, 24, 23, 45, 46, 44, 30, 29, 28, 38, 43, 48, 26, 49, 39, 55, 10, 50, 47, 53, 25, 34, 40, 42, 11, 33, 20, 19, 17, 16, 18, 27, 54, 41, 52, 51, 22, 21, 14, 15, 12, 0]
53;366;[0, 7, 8, 6, 9, 32, 31, 37, 35, 36, 57, 56, 58, 4, 5, 3, 2, 1, 23, 24, 38, 43, 48, 26, 49, 39, 55, 10, 50, 47, 53, 25, 34, 40, 42, 11, 33, 28, 29, 30, 45, 46, 44, 20, 19, 17, 16, 18, 27, 54, 41, 52, 51, 22, 21, 14, 15, 13, 12, 0]
54;361;[0, 7, 8, 6, 9, 32, 31, 37, 36, 35, 57, 56, 58, 4, 3, 1, 2, 5, 24, 23, 45, 46, 44, 38, 43, 48, 26, 49, 39, 55, 10, 50, 47, 53, 25, 34, 40, 42, 11, 33, 28, 29, 30, 20, 19, 17, 16, 18, 27, 54, 41, 52, 51, 22, 21, 14, 15, 13, 12, 0]
55;360;[0, 7, 8, 6, 9, 32, 31, 57, 35, 36, 37, 58, 56, 4, 3, 1, 2, 5, 24, 23, 45, 46, 44, 30, 29, 28, 38, 43, 48, 26, 49, 39, 55, 10, 50, 47, 53, 25, 34, 40, 42, 11, 33, 20, 19, 17, 16, 18, 27, 54, 41, 52, 51, 22, 21, 14, 15, 13, 12, 0]
56;360;[0, 7, 8, 6, 9, 32, 31, 57, 35, 36, 37, 58, 56, 4, 3, 1, 2, 5, 24, 23, 45, 46, 44, 30, 29, 28, 38, 43, 48, 26, 49, 39, 55, 10, 50, 47, 53, 25, 34, 40, 42, 11, 33, 20, 19, 17, 16, 18, 27, 54, 41, 52, 51, 22, 21, 14, 15, 13, 12, 0]
57;361;[0, 7, 8, 6, 9, 32, 31, 57, 35, 36, 37, 58, 56, 4, 2, 1, 3, 5, 24, 23, 44, 46, 45, 38, 43, 48, 26, 49, 39, 55, 10, 50, 47, 53, 25, 34, 40, 42, 11, 33, 28, 29, 30, 20, 19, 17, 16, 18, 27, 54, 41, 52, 51, 22, 21, 14, 15, 13, 12, 0]
58;364;[0, 7, 8, 6, 9, 32, 31, 57, 35, 36, 37, 58, 56, 4, 2, 1, 3, 5, 24, 23, 25, 53, 34, 40, 42, 11, 33, 47, 50, 10, 55, 39, 49, 26, 48, 43, 38, 45, 46, 44, 30, 29, 28, 20, 19, 17, 16, 18, 27, 54, 41, 52, 51, 22, 21, 14, 15, 13, 12, 0]
59;362;[0, 7, 8, 6, 9, 31, 32, 57, 37, 35, 36, 56, 58, 4, 5, 3, 2, 1, 24, 23, 45, 46, 44, 30, 29, 28, 38, 43, 48, 26, 49, 39, 55, 10, 50, 47, 53, 25, 34, 40, 42, 11, 33, 20, 19, 17, 16, 18, 27, 54, 41, 52, 51, 22, 21, 14, 15, 13, 12, 0]
60;367;[0, 7, 8, 6, 9, 31, 32, 57, 35, 36, 37, 58, 56, 4, 3, 1, 2, 5, 24, 23, 45, 46, 44, 38, 43, 48, 26, 49, 39, 55, 10, 50, 47, 33, 53, 25, 11, 42, 40, 34, 28, 29, 30, 20, 19, 17, 16, 18, 27, 54, 41, 52, 51, 22, 21, 14, 15, 13, 12, 0]
61;360;[0, 7, 8, 6, 9, 32, 31, 57, 35, 36, 37, 58, 56, 4, 2, 1, 3, 5, 24, 23, 45, 46, 44, 30, 29, 28, 38, 43, 48, 26, 49, 39, 55, 10, 50, 47, 53, 25, 34, 40, 42, 11, 33, 20, 19, 17, 16, 18, 27, 54, 41, 52, 51, 22, 21, 14, 15, 13, 12, 0]
62;380;[0, 7, 12, 13, 14, 21, 22, 51, 52, 41, 54, 27, 15, 58, 56, 4, 2, 1, 3, 5, 24, 23, 45, 46, 44, 30, 29, 28, 16, 17, 18, 19, 20, 33, 11, 42, 40, 34, 25, 53, 47, 50, 10, 55, 39, 49, 26, 48, 43, 38, 37, 36, 35, 57, 31, 32, 9, 6, 8, 0]
63;379;[0, 2, 4, 56, 58, 57, 31, 32, 9, 6, 8, 15, 27, 54, 41, 52, 51, 22, 21, 14, 13, 12, 7, 37, 35, 36, 38, 43, 48, 26, 49, 39, 55, 10, 50, 47, 53, 25, 34, 40, 42, 11, 33, 20, 19, 17, 16, 18, 28, 29, 30, 44, 46, 45, 23, 24, 5, 3, 1, 0]
64;366;[0, 7, 8, 6, 9, 32, 31, 37, 36, 35, 57, 56, 58, 4, 5, 3, 2, 1, 24, 23, 38, 43, 48, 26, 49, 39, 55, 10, 50, 47, 53, 25, 34, 40, 42, 11, 33, 28, 29, 30, 44, 45, 46, 20, 19, 17, 16, 18, 27, 54, 41, 52, 51, 22, 21, 14, 15, 13, 12, 0]
65;364;[0, 7, 8, 6, 9, 32, 31, 57, 35, 36, 37, 58, 56, 4, 2, 1, 3, 5, 24, 23, 38, 43, 48, 26, 49, 39, 55, 10, 50, 47, 53, 25, 34, 40, 42, 11, 33, 28, 29, 44, 46, 45, 30, 20, 19, 17, 16, 18, 27, 54, 41, 52, 51, 22, 21, 14, 15, 13, 12, 0]
66;363;[0, 7, 13, 12, 15, 14, 21, 22, 51, 52, 41, 54, 27, 18, 16, 17, 19, 20, 33, 11, 42, 40, 34, 25, 53, 47, 50, 10, 55, 39, 49, 26, 48, 43, 38, 28, 29, 30, 44, 46, 45, 23, 24, 5, 3, 1, 2, 4, 56, 58, 57, 35, 36, 37, 31, 32, 9, 6, 8, 0]
67;389;[0, 7, 8, 6, 9, 4, 2, 3, 1, 16, 17, 19, 20, 18, 24, 23, 38, 43, 48, 26, 49, 39, 55, 10, 50, 47, 53, 25, 34, 40, 42, 11, 33, 28, 29, 30, 44, 46, 45, 5, 56, 58, 37, 36, 35, 57, 31, 32, 14, 21, 22, 51, 52, 41, 54, 27, 15, 13, 12, 0]
68;361;[0, 7, 8, 6, 9, 32, 31, 57, 35, 36, 37, 58, 56, 4, 5, 3, 2, 1, 23, 24, 45, 46, 44, 30, 29, 28, 38, 43, 48, 26, 49, 39, 55, 10, 50, 47, 53, 25, 34, 40, 42, 11, 33, 20, 19, 17, 16, 18, 27, 54, 41, 52, 51, 22, 21, 14, 15, 13, 12, 0]
69;382;[0, 7, 31, 36, 35, 37, 58, 56, 3, 5, 24, 23, 45, 46, 44, 30, 29, 28, 18, 16, 17, 19, 20, 33, 11, 42, 40, 34, 25, 53, 47, 50, 10, 55, 39, 49, 26, 48, 43, 38, 1, 2, 4, 57, 32, 9, 6, 8, 15, 27, 54, 41, 52, 51, 22, 21, 14, 13, 12, 0]
70;366;[0, 7, 8, 6, 9, 32, 31, 36, 35, 37, 57, 58, 56, 4, 2, 1, 3, 5, 24, 23, 30, 28, 29, 44, 46, 45, 38, 43, 48, 26, 49, 39, 55, 10, 50, 47, 53, 25, 34, 40, 42, 11, 33, 20, 19, 17, 16, 18, 27, 54, 41, 52, 51, 22, 21, 14, 15, 13, 12, 0]
71;369;[0, 7, 8, 6, 9, 32, 31, 57, 35, 36, 37, 58, 56, 4, 3, 1, 2, 5, 24, 23, 45, 46, 44, 38, 43, 48, 26, 49, 39, 55, 10, 50, 47, 33, 11, 53, 25, 42, 40, 34, 28, 29, 30, 20, 17, 16, 19, 18, 27, 54, 41, 52, 51, 22, 21, 14, 15, 13, 12, 0]
72;364;[0, 7, 13, 12, 15, 14, 21, 22, 51, 52, 41, 54, 27, 18, 16, 17, 19, 20, 33, 11, 42, 40, 34, 25, 53, 47, 50, 10, 55, 39, 49, 26, 48, 43, 38, 28, 29, 30, 44, 46, 45, 23, 24, 5, 3, 1, 2, 4, 56, 58, 37, 36, 35, 57, 31, 32, 9, 6, 8, 0]
73;360;[0, 7, 8, 6, 9, 31, 32, 57, 35, 36, 37, 58, 56, 4, 2, 1, 3, 5, 24, 23, 45, 46, 44, 30, 29, 28, 38, 43, 48, 26, 49, 39, 55, 10, 50, 47, 53, 25, 34, 40, 42, 11, 33, 20, 19, 17, 16, 18, 27, 54, 41, 52, 51, 22, 21, 14, 15, 13, 12, 0]
74;360;[0, 7, 8, 6, 9, 32, 31, 57, 35, 36, 37, 58, 56, 4, 2, 1, 3, 5, 24, 23, 45, 46, 44, 38, 43, 48, 26, 49, 39, 55, 10, 50, 47, 53, 25, 34, 40, 42, 11, 33, 28, 29, 30, 20, 19, 17, 16, 18, 27, 54, 41, 52, 51, 22, 21, 14, 15, 13, 12, 0]
75;360;[0, 7, 8, 6, 9, 32, 31, 57, 35, 36, 37, 58, 56, 4, 3, 1, 2, 5, 24, 23, 45, 46, 44, 30, 29, 28, 38, 43, 48, 26, 49, 39, 55, 10, 50, 47, 53, 25, 34, 40, 42, 11, 33, 20, 19, 17, 16, 18, 27, 54, 41, 52, 51, 22, 21, 14, 15, 13, 12, 0]
76;364;[0, 7, 8, 6, 9, 32, 31, 57, 35, 36, 37, 58, 56, 4, 3, 1, 2, 5, 24, 23, 38, 43, 48, 26, 49, 39, 55, 10, 50, 47, 53, 25, 34, 40, 42, 11, 33, 28, 29, 30, 44, 45, 46, 20, 19, 17, 16, 18, 27, 54, 41, 52, 51, 22, 21, 14, 15, 13, 12, 0]
77;361;[0, 7, 8, 6, 9, 32, 31, 37, 36, 35, 57, 56, 58, 4, 2, 1, 3, 5, 24, 23, 45, 46, 44, 30, 29, 28, 38, 43, 48, 26, 49, 39, 55, 10, 50, 47, 53, 25, 34, 40, 42, 11, 33, 20, 19, 17, 16, 18, 27, 54, 41, 52, 51, 22, 21, 14, 15, 13, 12, 0]
78;361;[0, 7, 8, 6, 9, 31, 32, 57, 35, 36, 37, 58, 56, 4, 5, 3, 2, 1, 24, 23, 45, 46, 44, 30, 29, 28, 38, 43, 48, 26, 49, 39, 55, 10, 50, 47, 53, 25, 34, 40, 42, 11, 33, 20, 19, 17, 16, 18, 27, 54, 41, 52, 51, 22, 21, 14, 15, 13, 12, 0]
79;364;[0, 7, 8, 6, 9, 32, 31, 37, 36, 35, 57, 58, 56, 4, 2, 1, 3, 5, 24, 23, 38, 43, 48, 26, 49, 39, 55, 10, 50, 47, 53, 25, 34, 40, 42, 11, 33, 28, 29, 30, 44, 46, 45, 16, 17, 19, 20, 18, 27, 54, 41, 52, 51, 22, 21, 14, 15, 13, 12, 0]
80;361;[0, 7, 8, 6, 9, 32, 31, 37, 36, 35, 57, 56, 58, 4, 2, 1, 3, 5, 24, 23, 45, 46, 44, 30, 29, 28, 43, 38, 48, 26, 49, 39, 55, 10, 50, 47, 53, 25, 34, 40, 42, 11, 33, 20, 19, 17, 16, 18, 27, 54, 41, 52, 51, 22, 21, 14, 15, 13, 12, 0]
81;366;[0, 7, 8, 6, 9, 32, 31, 37, 36, 35, 57, 56, 58, 4, 5, 3, 2, 1, 23, 24, 38, 43, 48, 26, 49, 39, 55, 10, 50, 47, 53, 25, 34, 40, 42, 11, 33, 28, 29, 30, 45, 46, 44, 20, 19, 17, 16, 18, 27, 54, 41, 52, 51, 22, 21, 14, 15, 13, 12, 0]
82;366;[0, 7, 8, 6, 9, 31, 32, 37, 36, 35, 57, 58, 56, 4, 2, 5, 3, 1, 23, 24, 38, 43, 48, 26, 49, 39, 55, 10, 50, 47, 53, 25, 34, 40, 42, 11, 33, 28, 29, 30, 45, 46, 44, 20, 19, 17, 16, 18, 27, 54, 41, 52, 51, 22, 21, 14, 15, 13, 12, 0]
83;360;[0, 7, 8, 6, 9, 32, 31, 57, 35, 36, 37, 58, 56, 4, 2, 1, 3, 5, 24, 23, 45, 46, 44, 38, 43, 48, 26, 49, 39, 55, 10, 50, 47, 53, 25, 34, 40, 42, 11, 33, 28, 29, 30, 20, 19, 17, 16, 18, 27, 54, 41, 52, 51, 22, 21, 14, 15, 13, 12, 0]
84;361;[0, 7, 8, 6, 9, 32, 31, 57, 35, 36, 37, 58, 56, 4, 5, 3, 2, 1, 24, 23, 45, 46, 44, 38, 43, 48, 26, 49, 39, 55, 10, 50, 47, 53, 25, 34, 40, 42, 11, 33, 28, 29, 30, 20, 19, 17, 16, 18, 27, 54, 41, 52, 51, 22, 21, 14, 15, 13, 12, 0]
85;364;[0, 7, 8, 6, 9, 32, 31, 57, 35, 36, 37, 58, 56, 4, 3, 1, 2, 5, 24, 23, 38, 43, 48, 26, 49, 39, 55, 10, 50, 47, 53, 25, 34, 40, 42, 11, 33, 28, 29, 30, 45, 46, 44, 20, 19, 17, 16, 18, 27, 54, 41, 52, 51, 22, 21, 14, 15, 13, 12, 0]
86;361;[0, 7, 8, 6, 9, 32, 31, 57, 37, 35, 36, 58, 56, 4, 3, 1, 2, 5, 24, 23, 45, 46, 44, 30, 29, 28, 38, 43, 48, 26, 49, 39, 55, 10, 50, 47, 53, 25, 34, 40, 42, 11, 33, 20, 19, 17, 16, 18, 27, 54, 41, 52, 51, 22, 21, 14, 15, 13, 12, 0]
87;361;[0, 7, 8, 6, 9, 32, 31, 57, 35, 36, 37, 58, 56, 4, 5, 2, 3, 1, 24, 23, 45, 46, 44, 30, 29, 28, 38, 43, 48, 26, 49, 39, 55, 10, 50, 47, 53, 25, 34, 40, 42, 11, 33, 20, 19, 17, 16, 18, 27, 54, 41, 52, 51, 22, 21, 14, 15, 13, 12, 0]
88;360;[0, 7, 8, 6, 9, 32, 31, 57, 35, 36, 37, 58, 56, 4, 2, 1, 3, 5, 24, 23, 45, 46, 44, 30, 29, 28, 38, 43, 48, 26, 49, 39, 55, 10, 50, 47, 53, 25, 34, 40, 42, 11, 33, 20, 19, 17, 16, 18, 27, 54, 41, 52, 51, 22, 21, 14, 15, 13, 12, 0]
89;361;[0, 7, 8, 6, 9, 32, 31, 37, 36, 35, 57, 56, 58, 4, 2, 1, 3, 5, 24, 23, 45, 46, 44, 30, 29, 28, 38, 43, 48, 26, 49, 39, 55, 10, 50, 47, 53, 25, 34, 40, 42, 11, 33, 20, 19, 17, 16, 18, 27, 54, 41, 52, 51, 22, 21, 14, 15, 13, 12, 0]
90;368;[0, 7, 8, 6, 9, 31, 32, 57, 37, 35, 36, 56, 58, 4, 2, 1, 3, 5, 38, 43, 48, 26, 49, 39, 55, 10, 50, 47, 53, 25, 34, 40, 42, 11, 33, 20, 19, 17, 16, 18, 28, 29, 30, 44, 46, 45, 23, 24, 51, 52, 41, 54, 27, 22, 21, 14, 15, 13, 12, 0]
91;365;[0, 7, 8, 6, 9, 31, 32, 37, 36, 35, 57, 58, 56, 4, 5, 2, 3, 1, 38, 43, 48, 26, 49, 39, 55, 10, 50, 47, 53, 25, 34, 40, 42, 11, 33, 28, 29, 30, 44, 46, 45, 23, 24, 16, 17, 20, 19, 18, 27, 54, 41, 52, 51, 22, 21, 14, 15, 13, 12, 0]
92;368;[0, 7, 8, 6, 9, 32, 31, 37, 36, 35, 57, 56, 58, 4, 5, 3, 2, 1, 24, 23, 25, 34, 40, 42, 53, 11, 33, 47, 50, 10, 55, 39, 49, 26, 48, 43, 38, 45, 46, 44, 30, 29, 28, 20, 19, 17, 16, 18, 27, 54, 41, 52, 51, 22, 21, 14, 15, 13, 12, 0]
93;368;[0, 7, 8, 6, 9, 32, 31, 37, 36, 35, 57, 56, 58, 4, 5, 3, 2, 1, 38, 43, 48, 26, 49, 39, 55, 10, 50, 47, 53, 25, 34, 40, 42, 11, 33, 20, 19, 17, 16, 18, 28, 29, 30, 44, 46, 45, 23, 24, 51, 52, 41, 54, 27, 22, 21, 14, 15, 13, 12, 0]
94;365;[0, 7, 8, 6, 9, 32, 31, 57, 35, 36, 37, 58, 56, 4, 5, 2, 3, 1, 23, 24, 38, 43, 48, 26, 49, 39, 55, 10, 50, 47, 53, 25, 34, 40, 42, 11, 33, 28, 29, 30, 45, 46, 44, 20, 19, 17, 16, 18, 27, 54, 41, 52, 51, 22, 21, 14, 15, 13, 12, 0]
95;368;[0, 7, 8, 6, 9, 32, 31, 37, 36, 35, 57, 56, 58, 4, 2, 1, 3, 5, 24, 23, 45, 46, 44, 38, 43, 48, 26, 49, 39, 55, 10, 50, 47, 33, 53, 25, 11, 42, 40, 34, 28, 29, 30, 20, 19, 17, 16, 18, 27, 54, 41, 52, 51, 22, 21, 14, 15, 13, 12, 0]
96;360;[0, 7, 8, 6, 9, 32, 31, 57, 35, 36, 37, 58, 56, 4, 2, 1, 3, 5, 24, 23, 45, 46, 44, 30, 29, 28, 48, 43, 38, 26, 49, 39, 55, 10, 50, 47, 53, 25, 34, 40, 42, 11, 33, 20, 19, 17, 16, 18, 27, 54, 41, 52, 51, 22, 21, 14, 15, 13, 12, 0]
97;374;[0, 7, 8, 6, 9, 32, 31, 57, 35, 36, 37, 58, 56, 4, 2, 1, 3, 5, 24, 23, 45, 46, 44, 30, 29, 28, 48, 43, 38, 26, 49, 55, 10, 50, 47, 53, 25, 34, 40, 42, 11, 33, 39, 20, 19, 17, 16, 18, 27, 54, 41, 52, 51, 22, 21, 14, 15, 13, 12, 0]
98;366;[0, 7, 8, 6, 9, 32, 31, 37, 35, 36, 57, 56, 58, 4, 2, 5, 3, 1, 23, 24, 45, 46, 44, 30, 29, 28, 38, 43, 48, 26, 49, 39, 55, 10, 50, 47, 25, 34, 40, 42, 11, 53, 33, 20, 19, 17, 16, 18, 27, 54, 41, 52, 51, 22, 21, 14, 15, 13, 12, 0]
99;367;[0, 7, 8, 6, 9, 32, 31, 37, 36, 35, 57, 58, 56, 4, 5, 3, 2, 1, 45, 46, 44, 30, 29, 28, 18, 16, 17, 19, 20, 33, 11, 42, 40, 34, 25, 53, 47, 50, 10, 55, 39, 49, 26, 48, 43, 38, 23, 24, 51, 52, 41, 54, 27, 22, 21, 14, 15, 13, 12, 0]
100;367;[0, 7, 13, 12, 15, 14, 21, 22, 51, 52, 41, 54, 27, 18, 20, 19, 17, 16, 23, 24, 38, 43, 48, 26, 49, 39, 55, 10, 50, 47, 53, 25, 34, 40, 42, 11, 33, 28, 29, 30, 44, 46, 45, 5, 3, 1, 2, 4, 56, 58, 57, 35, 36, 37, 31, 32, 9, 6, 8, 0]
101;360;[0, 7, 8, 6, 9, 32, 31, 57, 35, 36, 37, 58, 56, 4, 2, 1, 3, 5, 24, 23, 45, 46, 44, 30, 29, 28, 38, 43, 48, 26, 49, 39, 55, 10, 50, 47, 53, 25, 34, 40, 42, 11, 33, 20, 19, 17, 16, 18, 27, 54, 41, 52, 51, 22, 21, 14, 15, 13, 12, 0]
102;364;[0, 7, 13, 12, 15, 14, 21, 22, 51, 52, 41, 54, 27, 18, 16, 17, 19, 20, 33, 11, 42, 40, 34, 25, 53, 47, 50, 10, 55, 39, 49, 26, 48, 43, 38, 28, 29, 30, 44, 46, 45, 23, 24, 5, 3, 1, 2, 4, 56, 58, 37, 36, 35, 57, 31, 32, 9, 6, 8, 0]
103;369;[0, 7, 8, 6, 9, 32, 31, 37, 36, 35, 57, 56, 58, 4, 5, 3, 2, 1, 23, 24, 38, 43, 48, 26, 49, 39, 55, 10, 50, 47, 33, 34, 40, 42, 11, 53, 25, 45, 46, 44, 30, 29, 28, 20, 19, 17, 16, 18, 27, 54, 41, 52, 51, 22, 21, 14, 15, 13, 12, 0]
104;362;[0, 7, 8, 6, 9, 32, 31, 57, 37, 35, 36, 56, 58, 4, 2, 1, 3, 5, 24, 23, 45, 46, 44, 38, 43, 48, 26, 49, 39, 55, 10, 50, 47, 53, 25, 34, 40, 42, 11, 33, 29, 30, 28, 20, 19, 17, 16, 18, 27, 54, 41, 52, 51, 22, 21, 14, 15, 13, 12, 0]
105;368;[0, 7, 8, 6, 9, 31, 32, 37, 36, 35, 57, 58, 56, 4, 5, 3, 2, 1, 38, 43, 48, 26, 49, 39, 55, 10, 50, 47, 53, 25, 34, 40, 42, 11, 33, 20, 17, 16, 18, 19, 28, 29, 30, 44, 46, 45, 23, 24, 51, 52, 41, 54, 27, 22, 21, 14, 15, 13, 12, 0]
106;366;[0, 7, 8, 6, 9, 32, 31, 57, 35, 36, 37, 58, 56, 4, 5, 2, 3, 1, 45, 46, 44, 30, 29, 28, 18, 16, 17, 19, 20, 33, 11, 42, 40, 34, 25, 53, 47, 50, 10, 55, 39, 49, 26, 48, 43, 38, 23, 24, 51, 52, 41, 54, 27, 22, 21, 14, 15, 13, 12, 0]
107;364;[0, 7, 8, 6, 9, 32, 31, 57, 35, 36, 37, 58, 56, 4, 2, 1, 3, 5, 24, 23, 25, 53, 34, 40, 42, 11, 33, 47, 50, 10, 55, 39, 49, 26, 48, 43, 38, 45, 46, 44, 30, 29, 28, 20, 19, 17, 16, 18, 27, 54, 41, 52, 51, 22, 21, 14, 15, 13, 12, 0]
108;365;[0, 7, 8, 6, 9, 32, 31, 57, 35, 36, 37, 58, 56, 4, 2, 1, 3, 5, 24, 23, 26, 49, 39, 55, 10, 50, 47, 53, 25, 34, 40, 42, 11, 33, 48, 43, 38, 45, 46, 44, 30, 29, 28, 20, 19, 17, 16, 18, 27, 54, 41, 52, 51, 22, 21, 14, 15, 13, 12, 0]
109;370;[0, 15, 14, 21, 22, 51, 52, 41, 54, 27, 24, 23, 45, 46, 44, 30, 29, 28, 18, 16, 17, 19, 20, 33, 11, 42, 40, 34, 25, 53, 47, 50, 10, 55, 39, 49, 26, 48, 43, 38, 5, 3, 1, 2, 4, 56, 58, 37, 36, 35, 57, 31, 32, 9, 6, 8, 7, 13, 12, 0]
110;363;[0, 7, 8, 6, 9, 32, 31, 57, 35, 36, 37, 58, 56, 4, 5, 3, 2, 1, 38, 43, 48, 26, 49, 39, 55, 10, 50, 47, 53, 25, 34, 40, 42, 11, 33, 28, 29, 30, 44, 46, 45, 23, 24, 16, 17, 19, 20, 18, 27, 54, 41, 52, 51, 22, 21, 14, 15, 13, 12, 0]
111;383;[0, 7, 31, 4, 2, 1, 38, 43, 48, 26, 49, 39, 55, 10, 50, 47, 53, 25, 34, 40, 42, 11, 33, 20, 19, 17, 16, 18, 28, 29, 30, 44, 46, 45, 23, 24, 5, 3, 56, 58, 37, 36, 35, 57, 32, 9, 6, 8, 15, 14, 21, 22, 51, 52, 41, 54, 27, 13, 12, 0]
112;364;[0, 7, 8, 6, 9, 32, 31, 57, 35, 36, 37, 58, 56, 4, 2, 1, 3, 5, 24, 23, 25, 53, 34, 40, 42, 11, 33, 47, 50, 10, 55, 39, 49, 26, 48, 43, 38, 45, 46, 44, 30, 29, 28, 20, 19, 17, 16, 18, 27, 54, 41, 52, 51, 22, 21, 14, 15, 13, 12, 0]
113;381;[0, 7, 31, 57, 35, 36, 37, 18, 16, 17, 19, 20, 33, 11, 42, 40, 34, 25, 53, 47, 50, 10, 55, 39, 49, 26, 48, 43, 38, 28, 29, 30, 44, 46, 45, 23, 24, 5, 3, 1, 2, 4, 56, 58, 32, 9, 6, 8, 15, 14, 21, 22, 51, 52, 41, 54, 27, 13, 12, 0]
114;389;[0, 7, 8, 6, 9, 4, 2, 3, 1, 16, 17, 19, 20, 18, 24, 23, 38, 43, 48, 26, 49, 39, 55, 10, 50, 47, 53, 25, 34, 40, 42, 11, 33, 28, 29, 30, 44, 46, 45, 5, 56, 58, 37, 36, 35, 57, 31, 32, 14, 21, 22, 51, 52, 41, 54, 27, 15, 13, 12, 0]
115;360;[0, 7, 8, 6, 9, 32, 31, 57, 35, 36, 37, 58, 56, 4, 2, 1, 3, 5, 24, 23, 45, 46, 44, 30, 29, 28, 38, 43, 48, 26, 49, 39, 55, 10, 50, 47, 53, 25, 34, 40, 42, 11, 33, 20, 19, 17, 16, 18, 27, 54, 41, 52, 51, 22, 21, 14, 15, 13, 12, 0]
116;361;[0, 7, 8, 6, 9, 32, 31, 57, 37, 35, 36, 56, 58, 4, 2, 1, 3, 5, 24, 23, 45, 46, 44, 30, 29, 28, 38, 43, 48, 26, 49, 39, 55, 10, 50, 47, 53, 25, 34, 40, 42, 11, 33, 20, 19, 17, 16, 18, 27, 54, 41, 52, 51, 22, 21, 14, 15, 13, 12, 0]
117;360;[0, 7, 8, 6, 9, 32, 31, 57, 35, 36, 37, 58, 56, 4, 2, 1, 3, 5, 24, 23, 45, 46, 44, 30, 29, 28, 48, 43, 38, 26, 49, 39, 55, 10, 50, 47, 53, 25, 34, 40, 42, 11, 33, 20, 19, 17, 16, 18, 27, 54, 41, 52, 51, 22, 21, 14, 15, 13, 12, 0]
118;369;[0, 7, 13, 12, 15, 14, 21, 22, 51, 52, 41, 54, 27, 20, 19, 17, 16, 18, 24, 23, 45, 46, 44, 30, 29, 28, 33, 11, 42, 40, 34, 25, 53, 47, 50, 10, 55, 39, 49, 26, 48, 43, 38, 1, 2, 3, 5, 4, 56, 58, 37, 36, 35, 57, 31, 32, 9, 6, 8, 0]
119;364;[0, 7, 13, 12, 15, 14, 21, 22, 51, 52, 41, 54, 27, 18, 16, 17, 19, 20, 33, 11, 42, 40, 34, 25, 53, 47, 50, 10, 55, 39, 49, 26, 48, 43, 38, 28, 29, 30, 44, 46, 45, 23, 24, 5, 3, 1, 2, 4, 56, 58, 37, 36, 35, 57, 31, 32, 9, 6, 8, 0]
120;367;[0, 7, 8, 6, 9, 31, 32, 57, 35, 36, 37, 58, 56, 4, 5, 3, 2, 1, 38, 43, 48, 26, 49, 39, 55, 10, 50, 47, 53, 25, 34, 40, 42, 11, 33, 20, 19, 17, 16, 18, 28, 29, 30, 44, 46, 45, 23, 24, 51, 52, 41, 54, 27, 22, 21, 14, 15, 13, 12, 0]
121;363;[0, 7, 12, 13, 15, 14, 21, 22, 51, 52, 41, 54, 27, 18, 16, 17, 19, 20, 33, 11, 42, 40, 34, 25, 53, 47, 50, 10, 55, 39, 49, 26, 48, 43, 38, 28, 29, 30, 44, 46, 45, 23, 24, 5, 2, 1, 3, 4, 56, 58, 57, 35, 36, 37, 31, 32, 9, 6, 8, 0]
122;360;[0, 7, 8, 6, 9, 32, 31, 57, 35, 36, 37, 58, 56, 4, 2, 1, 3, 5, 24, 23, 45, 46, 44, 38, 43, 48, 26, 49, 39, 55, 10, 50, 47, 53, 25, 34, 40, 42, 11, 33, 28, 29, 30, 20, 19, 17, 16, 18, 27, 54, 41, 52, 51, 22, 21, 14, 15, 13, 12, 0]
123;366;[0, 7, 8, 6, 9, 32, 31, 57, 35, 36, 37, 58, 56, 4, 2, 1, 3, 5, 45, 46, 44, 30, 29, 28, 18, 16, 17, 19, 20, 33, 11, 42, 40, 34, 25, 53, 47, 50, 10, 55, 39, 49, 26, 48, 43, 38, 23, 24, 51, 52, 41, 54, 27, 22, 21, 14, 15, 13, 12, 0]
124;366;[0, 7, 8, 6, 9, 32, 31, 37, 36, 35, 57, 56, 58, 4, 2, 5, 3, 1, 23, 24, 45, 46, 44, 30, 29, 28, 38, 43, 48, 26, 49, 39, 55, 10, 50, 47, 25, 34, 40, 42, 11, 53, 33, 20, 19, 17, 16, 18, 27, 54, 41, 52, 51, 22, 21, 14, 15, 13, 12, 0]
125;366;[0, 7, 8, 6, 9, 31, 32, 57, 37, 35, 36, 56, 58, 4, 2, 1, 3, 5, 24, 23, 26, 49, 39, 55, 10, 50, 47, 53, 25, 34, 40, 42, 11, 33, 48, 43, 38, 45, 46, 44, 30, 29, 28, 20, 19, 17, 16, 18, 27, 54, 41, 52, 51, 22, 21, 14, 15, 13, 12, 0]
126;360;[0, 7, 8, 6, 9, 32, 31, 57, 35, 36, 37, 58, 56, 4, 2, 1, 3, 5, 24, 23, 45, 46, 44, 30, 29, 28, 38, 43, 48, 26, 49, 39, 55, 10, 50, 47, 53, 25, 34, 40, 42, 11, 33, 20, 19, 17, 16, 18, 27, 54, 41, 52, 51, 22, 21, 14, 15, 13, 12, 0]
127;361;[0, 7, 8, 6, 9, 32, 31, 37, 36, 35, 57, 56, 58, 4, 3, 1, 2, 5, 24, 23, 45, 46, 44, 30, 29, 28, 38, 43, 48, 26, 49, 39, 55, 10, 50, 47, 53, 25, 34, 40, 42, 11, 33, 20, 19, 17, 16, 18, 27, 54, 41, 52, 51, 22, 21, 14, 15, 13, 12, 0]
128;362;[0, 7, 8, 6, 9, 32, 31, 57, 37, 35, 36, 58, 56, 4, 3, 5, 2, 1, 23, 24, 45, 46, 44, 30, 29, 28, 38, 43, 48, 26, 49, 39, 55, 10, 50, 47, 53, 25, 34, 40, 42, 11, 33, 20, 19, 17, 16, 18, 27, 54, 41, 52, 51, 22, 21, 14, 15, 13, 12, 0]
129;366;[0, 7, 8, 6, 9, 32, 31, 36, 35, 37, 57, 58, 56, 4, 2, 1, 3, 5, 24, 23, 38, 45, 46, 44, 30, 29, 28, 48, 43, 26, 49, 39, 55, 10, 50, 47, 53, 25, 34, 40, 42, 11, 33, 20, 19, 17, 16, 18, 27, 54, 41, 52, 51, 22, 21, 14, 15, 13, 12, 0]
130;382;[0, 7, 8, 6, 9, 4, 2, 3, 1, 45, 46, 44, 30, 29, 28, 16, 17, 18, 19, 20, 33, 11, 42, 40, 34, 25, 53, 47, 50, 10, 55, 39, 49, 26, 48, 43, 38, 24, 23, 5, 56, 58, 37, 36, 35, 57, 31, 32, 14, 21, 22, 51, 52, 41, 54, 27, 15, 13, 12, 0]
131;368;[0, 7, 8, 6, 9, 32, 31, 57, 37, 35, 36, 56, 58, 4, 2, 5, 3, 1, 38, 43, 48, 26, 49, 39, 55, 10, 50, 47, 53, 25, 34, 40, 42, 11, 33, 20, 19, 17, 16, 18, 28, 29, 30, 44, 46, 45, 23, 24, 51, 52, 41, 54, 27, 22, 21, 14, 15, 13, 12, 0]
132;361;[0, 7, 8, 6, 9, 32, 31, 57, 35, 36, 37, 58, 56, 4, 5, 2, 3, 1, 24, 23, 45, 46, 44, 30, 29, 28, 43, 38, 48, 26, 49, 39, 55, 10, 50, 47, 53, 25, 34, 40, 42, 11, 33, 20, 19, 17, 16, 18, 27, 54, 41, 52, 51, 22, 21, 14, 15, 13, 12, 0]
133;367;[0, 7, 8, 6, 9, 32, 31, 57, 35, 36, 37, 58, 56, 4, 2, 1, 3, 5, 38, 43, 48, 26, 49, 39, 55, 10, 50, 47, 53, 25, 34, 40, 42, 11, 33, 20, 19, 17, 16, 18, 28, 29, 30, 44, 46, 45, 23, 24, 51, 52, 41, 54, 27, 22, 21, 14, 15, 13, 12, 0]
134;393;[0, 7, 31, 57, 35, 36, 37, 18, 16, 17, 19, 20, 30, 29, 28, 40, 42, 34, 25, 53, 11, 33, 47, 50, 10, 55, 39, 49, 26, 48, 43, 38, 44, 46, 45, 24, 23, 5, 3, 1, 2, 4, 56, 58, 32, 9, 6, 8, 15, 14, 21, 22, 51, 52, 41, 54, 27, 13, 12, 0]
135;361;[0, 7, 8, 6, 9, 32, 31, 57, 35, 36, 37, 58, 56, 4, 5, 3, 2, 1, 23, 24, 45, 46, 44, 30, 29, 28, 38, 43, 48, 26, 49, 39, 55, 10, 50, 47, 53, 25, 34, 40, 42, 11, 33, 20, 19, 17, 16, 18, 27, 54, 41, 52, 51, 22, 21, 14, 15, 13, 12, 0]
136;360;[0, 7, 8, 6, 9, 31, 32, 57, 35, 36, 37, 58, 56, 4, 3, 1, 2, 5, 24, 23, 45, 46, 44, 30, 29, 28, 38, 43, 48, 26, 49, 39, 55, 10, 50, 47, 53, 25, 34, 40, 42, 11, 33, 20, 19, 17, 16, 18, 27, 54, 41, 52, 51, 22, 21, 14, 15, 13, 12, 0]
137;364;[0, 7, 8, 6, 9, 32, 31, 57, 35, 36, 37, 58, 56, 4, 2, 1, 3, 5, 24, 23, 25, 53, 34, 40, 42, 11, 33, 47, 50, 10, 55, 39, 49, 26, 48, 43, 38, 45, 46, 44, 30, 29, 28, 20, 19, 17, 16, 18, 27, 54, 41, 52, 51, 22, 21, 14, 15, 13, 12, 0]
138;381;[0, 52, 41, 54, 27, 12, 13, 58, 56, 4, 2, 1, 3, 5, 24, 23, 45, 46, 44, 30, 29, 28, 18, 16, 17, 19, 20, 33, 11, 42, 40, 34, 25, 53, 47, 50, 10, 55, 39, 49, 26, 48, 43, 38, 37, 36, 35, 57, 31, 32, 9, 6, 8, 7, 15, 14, 21, 22, 51, 0]
139;360;[0, 5, 24, 23, 45, 46, 44, 30, 29, 28, 38, 43, 48, 26, 49, 39, 55, 10, 50, 47, 53, 25, 34, 40, 42, 11, 33, 20, 19, 17, 16, 18, 27, 54, 41, 52, 51, 22, 21, 14, 15, 13, 12, 7, 8, 6, 9, 31, 32, 57, 35, 36, 37, 58, 56, 4, 2, 1, 3, 0]
140;367;[0, 7, 8, 6, 9, 31, 32, 57, 37, 35, 36, 56, 58, 4, 5, 3, 2, 1, 45, 46, 44, 30, 29, 28, 18, 16, 17, 19, 20, 33, 11, 42, 40, 34, 25, 53, 47, 50, 10, 55, 39, 49, 26, 48, 43, 38, 23, 24, 51, 52, 41, 54, 27, 22, 21, 14, 15, 13, 12, 0]
141;364;[0, 55, 39, 49, 26, 38, 43, 48, 28, 29, 30, 44, 46, 45, 23, 24, 5, 3, 1, 2, 4, 58, 56, 36, 35, 37, 57, 31, 32, 9, 6, 8, 7, 12, 13, 15, 14, 21, 22, 51, 52, 41, 54, 27, 18, 16, 17, 19, 20, 33, 11, 42, 40, 34, 25, 53, 47, 50, 10, 0]
142;361;[0, 7, 8, 6, 9, 31, 32, 37, 35, 36, 57, 58, 56, 4, 2, 1, 3, 5, 24, 23, 45, 46, 44, 30, 29, 28, 38, 43, 48, 26, 49, 39, 55, 10, 50, 47, 53, 25, 34, 40, 42, 11, 33, 20, 19, 17, 16, 18, 27, 54, 41, 52, 51, 22, 21, 14, 15, 13, 12, 0]
143;361;[0, 28, 38, 43, 48, 26, 49, 39, 55, 10, 50, 47, 53, 25, 34, 40, 42, 11, 33, 20, 19, 17, 16, 18, 27, 54, 41, 52, 51, 22, 21, 14, 15, 13, 12, 7, 8, 6, 9, 31, 32, 36, 35, 37, 57, 58, 56, 4, 2, 1, 3, 5, 24, 23, 45, 46, 44, 30, 29, 0]
144;362;[0, 7, 8, 6, 9, 31, 32, 57, 37, 35, 36, 56, 58, 4, 5, 3, 2, 1, 24, 23, 45, 46, 44, 38, 43, 48, 26, 49, 39, 55, 10, 50, 47, 53, 25, 34, 40, 42, 11, 33, 28, 29, 30, 20, 19, 17, 16, 18, 27, 54, 41, 52, 51, 22, 21, 14, 15, 13, 12, 0]
145;360;[0, 7, 8, 6, 9, 32, 31, 57, 35, 36, 37, 58, 56, 4, 2, 1, 3, 5, 24, 23, 45, 46, 44, 30, 29, 28, 38, 43, 48, 26, 49, 39, 55, 10, 50, 47, 53, 25, 34, 40, 42, 11, 33, 20, 19, 17, 16, 18, 27, 54, 41, 52, 51, 22, 21, 14, 15, 13, 12, 0]
146;360;[0, 7, 8, 6, 9, 32, 31, 57, 35, 36, 37, 58, 56, 4, 3, 1, 2, 5, 24, 23, 45, 46, 44, 30, 29, 28, 38, 43, 48, 26, 49, 39, 55, 10, 50, 47, 53, 25, 34, 40, 42, 11, 33, 20, 19, 17, 16, 18, 27, 54, 41, 52, 51, 22, 21, 14, 15, 13, 12, 0]
147;364;[0, 7, 13, 12, 15, 14, 21, 22, 51, 52, 41, 54, 27, 18, 16, 17, 19, 20, 33, 11, 42, 40, 34, 25, 53, 47, 50, 10, 55, 39, 49, 26, 48, 43, 38, 28, 29, 30, 44, 46, 45, 23, 24, 5, 3, 1, 2, 4, 56, 58, 37, 36, 35, 57, 31, 32, 9, 6, 8, 0]
148;361;[0, 7, 8, 6, 9, 32, 31, 37, 36, 35, 57, 56, 58, 4, 2, 1, 3, 5, 24, 23, 45, 46, 44, 30, 29, 28, 38, 43, 48, 26, 49, 39, 55, 10, 50, 47, 53, 25, 34, 40, 42, 11, 33, 20, 19, 17, 16, 18, 27, 54, 41, 52, 51, 22, 21, 14, 15, 13, 12, 0]
149;360;[0, 7, 8, 6, 9, 32, 31, 57, 35, 36, 37, 58, 56, 4, 2, 1, 3, 5, 24, 23, 45, 46, 44, 30, 29, 28, 38, 43, 48, 26, 49, 39, 55, 10, 50, 47, 53, 25, 34, 40, 42, 11, 33, 20, 19, 17, 16, 18, 27, 54, 41, 52, 51, 22, 21, 14, 15, 13, 12, 0]
150;368;[0, 46, 44, 30, 29, 28, 38, 43, 48, 26, 49, 39, 55, 10, 50, 47, 33, 53, 25, 11, 42, 40, 34, 20, 19, 17, 16, 18, 27, 54, 41, 52, 51, 22, 21, 14, 15, 13, 12, 7, 8, 6, 9, 32, 31, 57, 35, 36, 37, 58, 56, 4, 2, 1, 3, 5, 24, 23, 45, 0]
151;361;[0, 26, 49, 39, 55, 10, 50, 47, 53, 25, 34, 40, 42, 11, 33, 20, 19, 17, 16, 18, 27, 54, 41, 52, 51, 22, 21, 14, 15, 13, 12, 7, 8, 6, 9, 32, 31, 57, 35, 36, 37, 58, 56, 4, 3, 5, 2, 1, 23, 24, 45, 46, 44, 30, 29, 28, 38, 43, 48, 0]
152;365;[0, 7, 8, 6, 9, 32, 31, 57, 35, 36, 37, 58, 56, 4, 2, 1, 3, 5, 24, 23, 26, 49, 39, 55, 10, 50, 47, 53, 25, 34, 40, 42, 11, 33, 48, 43, 38, 45, 46, 44, 30, 29, 28, 20, 19, 17, 16, 18, 27, 54, 41, 52, 51, 22, 21, 14, 15, 13, 12, 0]
153;360;[0, 7, 8, 6, 9, 32, 31, 57, 35, 36, 37, 58, 56, 4, 2, 1, 3, 5, 24, 23, 45, 46, 44, 30, 29, 28, 38, 43, 48, 26, 49, 39, 55, 10, 50, 47, 53, 25, 34, 40, 42, 11, 33, 20, 19, 17, 16, 18, 27, 54, 41, 52, 51, 22, 21, 14, 15, 13, 12, 0]
154;381;[0, 7, 31, 36, 35, 37, 16, 17, 19, 20, 18, 30, 29, 28, 33, 11, 42, 40, 34, 25, 53, 47, 50, 10, 55, 39, 49, 26, 48, 43, 38, 44, 46, 45, 24, 23, 5, 2, 1, 3, 4, 58, 56, 57, 32, 9, 6, 8, 15, 14, 21, 22, 51, 52, 41, 54, 27, 13, 12, 0]
155;390;[0, 7, 12, 13, 14, 21, 22, 51, 52, 41, 54, 27, 15, 8, 6, 9, 32, 31, 57, 35, 36, 37, 18, 16, 17, 19, 20, 34, 40, 42, 25, 53, 11, 33, 47, 50, 10, 55, 39, 49, 26, 48, 43, 38, 46, 28, 29, 30, 44, 45, 23, 24, 5, 2, 1, 3, 4, 56, 58, 0]
156;360;[0, 7, 8, 6, 9, 32, 31, 57, 35, 36, 37, 58, 56, 4, 2, 1, 3, 5, 24, 23, 45, 46, 44, 30, 29, 28, 48, 43, 38, 26, 49, 39, 55, 10, 50, 47, 53, 25, 34, 40, 42, 11, 33, 20, 19, 17, 16, 18, 27, 54, 41, 52, 51, 22, 21, 14, 15, 13, 12, 0]
157;365;[0, 7, 8, 6, 9, 32, 31, 57, 35, 36, 37, 58, 56, 4, 2, 1, 3, 5, 24, 23, 26, 49, 39, 55, 10, 50, 47, 53, 25, 34, 40, 42, 11, 33, 48, 43, 38, 45, 46, 44, 30, 29, 28, 20, 19, 17, 16, 18, 27, 54, 41, 52, 51, 22, 21, 14, 15, 13, 12, 0]
158;366;[0, 7, 8, 6, 9, 32, 31, 57, 37, 35, 36, 56, 58, 4, 5, 3, 2, 1, 23, 24, 38, 43, 48, 26, 49, 39, 55, 10, 50, 47, 53, 25, 34, 40, 42, 11, 33, 28, 29, 30, 44, 46, 45, 16, 17, 20, 19, 18, 27, 54, 41, 52, 51, 22, 21, 14, 15, 13, 12, 0]
159;368;[0, 7, 8, 6, 9, 32, 31, 57, 35, 36, 37, 58, 56, 4, 2, 1, 3, 5, 24, 23, 38, 43, 48, 26, 49, 39, 55, 10, 50, 47, 25, 34, 40, 42, 11, 53, 33, 28, 29, 30, 44, 45, 46, 20, 19, 17, 16, 18, 27, 54, 41, 52, 51, 22, 21, 14, 15, 13, 12, 0]
160;361;[0, 7, 8, 6, 9, 32, 31, 37, 35, 36, 57, 58, 56, 4, 2, 1, 3, 5, 24, 23, 45, 46, 44, 30, 29, 28, 48, 38, 43, 26, 49, 39, 55, 10, 50, 47, 53, 25, 34, 40, 42, 11, 33, 20, 19, 17, 16, 18, 27, 54, 41, 52, 51, 22, 21, 14, 15, 13, 12, 0]
161;361;[0, 7, 8, 6, 9, 31, 32, 57, 37, 35, 36, 56, 58, 4, 2, 1, 3, 5, 24, 23, 45, 46, 44, 30, 29, 28, 38, 43, 48, 26, 49, 39, 55, 10, 50, 47, 53, 25, 34, 40, 42, 11, 33, 20, 19, 17, 16, 18, 27, 54, 41, 52, 51, 22, 21, 14, 15, 13, 12, 0]
162;361;[0, 7, 8, 6, 9, 32, 31, 57, 35, 36, 37, 58, 56, 4, 5, 3, 2, 1, 24, 23, 45, 46, 44, 30, 29, 28, 38, 43, 48, 26, 49, 39, 55, 10, 50, 47, 53, 25, 34, 40, 42, 11, 33, 20, 19, 17, 16, 18, 27, 54, 41, 52, 51, 22, 21, 14, 15, 13, 12, 0]
163;361;[0, 7, 8, 6, 9, 31, 32, 57, 37, 35, 36, 56, 58, 4, 3, 1, 2, 5, 24, 23, 45, 46, 44, 30, 29, 28, 38, 43, 48, 26, 49, 39, 55, 10, 50, 47, 53, 25, 34, 40, 42, 11, 33, 20, 19, 17, 16, 18, 27, 54, 41, 52, 51, 22, 21, 14, 15, 13, 12, 0]
164;362;[0, 7, 13, 12, 15, 14, 21, 22, 51, 52, 41, 54, 27, 18, 16, 17, 19, 20, 30, 29, 28, 33, 11, 42, 40, 34, 25, 53, 47, 50, 10, 55, 39, 49, 26, 48, 43, 38, 44, 46, 45, 23, 24, 5, 3, 1, 2, 4, 56, 58, 37, 36, 35, 57, 31, 32, 9, 6, 8, 0]
165;378;[0, 7, 31, 57, 35, 36, 37, 45, 46, 44, 30, 29, 28, 18, 16, 17, 19, 20, 33, 11, 42, 40, 34, 25, 53, 47, 50, 10, 55, 39, 49, 26, 48, 43, 38, 24, 23, 5, 3, 1, 2, 4, 56, 58, 32, 9, 6, 8, 15, 14, 21, 22, 51, 52, 41, 54, 27, 13, 12, 0]
166;366;[0, 7, 8, 6, 9, 31, 32, 57, 35, 36, 37, 58, 56, 4, 5, 2, 3, 1, 24, 23, 26, 49, 39, 55, 10, 50, 47, 53, 25, 34, 40, 42, 11, 33, 48, 43, 38, 45, 46, 44, 30, 29, 28, 20, 19, 17, 16, 18, 27, 54, 41, 52, 51, 22, 21, 14, 15, 13, 12, 0]
167;366;[0, 7, 8, 6, 9, 32, 31, 57, 35, 36, 37, 58, 56, 4, 2, 1, 3, 5, 24, 23, 25, 34, 40, 42, 11, 53, 33, 47, 50, 10, 55, 39, 49, 26, 48, 43, 38, 45, 46, 44, 30, 29, 28, 20, 19, 17, 16, 18, 27, 54, 41, 52, 51, 22, 21, 14, 15, 13, 12, 0]
168;361;[0, 7, 8, 6, 9, 31, 32, 57, 35, 36, 37, 58, 56, 4, 5, 3, 2, 1, 24, 23, 45, 46, 44, 30, 29, 28, 38, 43, 48, 26, 49, 39, 55, 10, 50, 47, 53, 25, 34, 40, 42, 11, 33, 20, 19, 17, 16, 18, 27, 54, 41, 52, 51, 22, 21, 14, 15, 13, 12, 0]
169;367;[0, 7, 8, 6, 9, 32, 31, 57, 37, 35, 36, 56, 58, 4, 2, 5, 3, 1, 23, 24, 26, 49, 39, 55, 10, 50, 47, 53, 25, 34, 40, 42, 11, 33, 48, 43, 38, 45, 46, 44, 30, 29, 28, 20, 19, 17, 16, 18, 27, 54, 41, 52, 51, 22, 21, 14, 15, 13, 12, 0]
170;364;[0, 7, 8, 6, 9, 32, 31, 57, 35, 36, 37, 58, 56, 4, 2, 1, 3, 5, 24, 23, 38, 43, 48, 26, 49, 39, 55, 10, 50, 47, 53, 25, 34, 40, 42, 11, 33, 28, 29, 30, 45, 46, 44, 20, 19, 17, 16, 18, 27, 54, 41, 52, 51, 22, 21, 14, 15, 13, 12, 0]
171;366;[0, 7, 8, 6, 9, 32, 31, 57, 35, 36, 37, 58, 56, 4, 5, 2, 3, 1, 45, 46, 44, 30, 29, 28, 18, 16, 17, 19, 20, 33, 11, 42, 40, 34, 25, 53, 47, 50, 10, 55, 39, 49, 26, 48, 43, 38, 23, 24, 51, 52, 41, 54, 27, 22, 21, 14, 15, 13, 12, 0]
172;361;[0, 7, 8, 6, 9, 32, 31, 37, 36, 35, 57, 56, 58, 4, 2, 1, 3, 5, 24, 23, 45, 46, 44, 30, 29, 28, 38, 43, 48, 26, 49, 39, 55, 10, 50, 47, 53, 25, 34, 40, 42, 11, 33, 20, 19, 17, 16, 18, 27, 54, 41, 52, 51, 22, 21, 14, 15, 13, 12, 0]
173;362;[0, 7, 13, 12, 15, 14, 21, 22, 51, 52, 41, 54, 27, 18, 16, 17, 19, 20, 30, 29, 28, 33, 11, 42, 40, 34, 25, 53, 47, 50, 10, 55, 39, 49, 26, 48, 43, 38, 44, 46, 45, 23, 24, 5, 3, 1, 2, 4, 56, 58, 57, 37, 35, 36, 31, 32, 9, 6, 8, 0]
174;361;[0, 7, 8, 6, 9, 32, 31, 37, 36, 35, 57, 56, 58, 4, 2, 1, 3, 5, 24, 23, 45, 46, 44, 30, 29, 28, 38, 43, 48, 26, 49, 39, 55, 10, 50, 47, 53, 25, 34, 40, 42, 11, 33, 20, 19, 17, 16, 18, 27, 54, 41, 52, 51, 22, 21, 14, 15, 13, 12, 0]
175;365;[0, 7, 13, 12, 15, 14, 21, 22, 51, 52, 41, 54, 27, 18, 20, 19, 17, 16, 45, 46, 44, 30, 29, 28, 33, 11, 42, 40, 34, 25, 53, 47, 50, 10, 55, 39, 49, 26, 48, 43, 38, 24, 23, 5, 3, 1, 2, 4, 56, 58, 37, 36, 35, 57, 31, 32, 9, 6, 8, 0]
176;381;[0, 7, 31, 57, 35, 36, 37, 18, 16, 17, 19, 20, 33, 11, 42, 40, 34, 25, 53, 47, 50, 10, 55, 39, 49, 26, 48, 43, 38, 28, 29, 30, 44, 46, 45, 23, 24, 5, 3, 1, 2, 4, 56, 58, 32, 9, 6, 8, 15, 14, 21, 22, 51, 52, 41, 54, 27, 13, 12, 0]
177;362;[0, 7, 8, 6, 9, 32, 31, 37, 35, 36, 57, 56, 58, 4, 5, 3, 2, 1, 24, 23, 45, 46, 44, 30, 29, 28, 38, 43, 48, 26, 49, 39, 55, 10, 50, 47, 53, 25, 34, 40, 42, 11, 33, 20, 19, 17, 16, 18, 27, 54, 41, 52, 51, 22, 21, 14, 15, 13, 12, 0]
178;397;[0, 7, 12, 13, 14, 21, 22, 51, 52, 41, 54, 27, 15, 8, 6, 9, 32, 31, 57, 35, 36, 37, 18, 16, 17, 19, 20, 28, 39, 33, 11, 42, 40, 34, 25, 53, 47, 50, 10, 55, 49, 26, 48, 43, 38, 44, 29, 30, 46, 45, 23, 24, 5, 2, 1, 3, 4, 56, 58, 0]
179;367;[0, 7, 8, 6, 9, 32, 31, 57, 35, 36, 37, 58, 56, 4, 5, 3, 2, 1, 38, 43, 48, 26, 49, 39, 55, 10, 50, 47, 53, 25, 34, 40, 42, 11, 33, 20, 19, 17, 16, 18, 28, 29, 30, 44, 46, 45, 23, 24, 51, 52, 41, 54, 27, 22, 21, 14, 15, 13, 12, 0]
180;360;[0, 7, 8, 6, 9, 32, 31, 57, 35, 36, 37, 58, 56, 4, 2, 1, 3, 5, 24, 23, 45, 46, 44, 30, 29, 28, 38, 43, 48, 26, 49, 39, 55, 10, 50, 47, 53, 25, 34, 40, 42, 11, 33, 20, 19, 17, 16, 18, 27, 54, 41, 52, 51, 22, 21, 14, 15, 13, 12, 0]
181;362;[0, 7, 13, 12, 15, 14, 21, 22, 51, 52, 41, 54, 27, 18, 16, 17, 19, 20, 30, 29, 28, 33, 11, 42, 40, 34, 25, 53, 47, 50, 10, 55, 39, 49, 26, 48, 43, 38, 44, 46, 45, 23, 24, 5, 2, 1, 3, 4, 56, 58, 36, 35, 37, 57, 31, 32, 9, 6, 8, 0]
182;362;[0, 7, 8, 6, 9, 32, 31, 57, 35, 36, 37, 58, 56, 4, 5, 3, 2, 1, 23, 24, 44, 46, 45, 38, 43, 48, 26, 49, 39, 55, 10, 50, 47, 53, 25, 34, 40, 42, 11, 33, 28, 29, 30, 20, 19, 17, 16, 18, 27, 54, 41, 52, 51, 22, 21, 14, 15, 13, 12, 0]
183;381;[0, 7, 31, 57, 35, 36, 37, 18, 16, 17, 19, 20, 33, 11, 42, 40, 34, 25, 53, 47, 50, 10, 55, 39, 49, 26, 48, 43, 38, 28, 29, 30, 44, 46, 45, 23, 24, 5, 3, 1, 2, 4, 56, 58, 32, 9, 6, 8, 15, 14, 21, 22, 51, 52, 41, 54, 27, 13, 12, 0]
184;362;[0, 7, 8, 6, 9, 32, 31, 37, 35, 36, 57, 56, 58, 4, 3, 5, 2, 1, 23, 24, 45, 46, 44, 30, 29, 28, 38, 43, 48, 26, 49, 39, 55, 10, 50, 47, 53, 25, 34, 40, 42, 11, 33, 20, 19, 17, 16, 18, 27, 54, 41, 52, 51, 22, 21, 14, 15, 13, 12, 0]
185;362;[0, 7, 8, 6, 9, 32, 31, 57, 37, 35, 36, 56, 58, 4, 2, 5, 3, 1, 23, 24, 45, 46, 44, 30, 29, 28, 38, 43, 48, 26, 49, 39, 55, 10, 50, 47, 53, 25, 34, 40, 42, 11, 33, 20, 19, 17, 16, 18, 27, 54, 41, 52, 51, 22, 21, 14, 15, 13, 12, 0]
186;362;[0, 7, 8, 6, 9, 32, 31, 37, 36, 35, 57, 56, 58, 4, 5, 3, 2, 1, 23, 24, 45, 46, 44, 30, 29, 28, 38, 43, 48, 26, 49, 39, 55, 10, 50, 47, 53, 25, 34, 40, 42, 11, 33, 20, 19, 17, 16, 18, 27, 54, 41, 52, 51, 22, 21, 14, 15, 13, 12, 0]
187;361;[0, 7, 8, 6, 9, 32, 31, 57, 35, 36, 37, 58, 56, 4, 5, 3, 2, 1, 24, 23, 45, 46, 44, 30, 29, 28, 48, 43, 38, 26, 49, 39, 55, 10, 50, 47, 53, 25, 34, 40, 42, 11, 33, 20, 19, 17, 16, 18, 27, 54, 41, 52, 51, 22, 21, 14, 15, 13, 12, 0]
188;361;[0, 7, 8, 6, 9, 32, 31, 57, 35, 36, 37, 58, 56, 4, 5, 3, 2, 1, 24, 23, 45, 46, 44, 30, 29, 28, 48, 43, 38, 26, 49, 39, 55, 10, 50, 47, 53, 25, 34, 40, 42, 11, 33, 20, 19, 17, 16, 18, 27, 54, 41, 52, 51, 22, 21, 14, 15, 13, 12, 0]
189;360;[0, 7, 8, 6, 9, 31, 32, 57, 35, 36, 37, 58, 56, 4, 2, 1, 3, 5, 24, 23, 45, 46, 44, 30, 29, 28, 38, 43, 48, 26, 49, 39, 55, 10, 50, 47, 53, 25, 34, 40, 42, 11, 33, 20, 19, 17, 16, 18, 27, 54, 41, 52, 51, 22, 21, 14, 15, 13, 12, 0]
190;361;[0, 7, 8, 6, 9, 32, 31, 57, 35, 36, 37, 58, 56, 4, 2, 5, 3, 1, 23, 24, 45, 46, 44, 30, 29, 28, 38, 43, 48, 26, 49, 39, 55, 10, 50, 47, 53, 25, 34, 40, 42, 11, 33, 20, 19, 17, 16, 18, 27, 54, 41, 52, 51, 22, 21, 14, 15, 13, 12, 0]
191;366;[0, 14, 15, 13, 12, 7, 8, 6, 9, 32, 31, 57, 35, 36, 37, 58, 56, 4, 2, 5, 3, 1, 23, 24, 26, 49, 39, 55, 10, 50, 47, 53, 25, 34, 40, 42, 11, 33, 48, 43, 38, 45, 46, 44, 30, 29, 28, 20, 19, 17, 16, 18, 27, 54, 41, 52, 51, 22, 21, 0]
192;365;[0, 7, 8, 6, 9, 32, 31, 57, 35, 36, 37, 58, 56, 4, 3, 5, 2, 1, 23, 24, 38, 43, 48, 26, 49, 39, 55, 10, 50, 47, 53, 25, 34, 40, 42, 11, 33, 28, 29, 30, 45, 46, 44, 20, 19, 17, 16, 18, 27, 54, 41, 52, 51, 22, 21, 14, 15, 13, 12, 0]
193;360;[0, 7, 8, 6, 9, 32, 31, 57, 35, 36, 37, 58, 56, 4, 3, 1, 2, 5, 24, 23, 45, 46, 44, 30, 29, 28, 38, 43, 48, 26, 49, 39, 55, 10, 50, 47, 53, 25, 34, 40, 42, 11, 33, 20, 19, 17, 16, 18, 27, 54, 41, 52, 51, 22, 21, 14, 15, 13, 12, 0]
194;390;[0, 7, 8, 6, 9, 32, 31, 57, 35, 36, 37, 23, 24, 45, 30, 29, 44, 46, 38, 43, 48, 26, 49, 39, 55, 10, 50, 47, 25, 34, 40, 42, 11, 53, 33, 28, 20, 19, 18, 17, 16, 58, 56, 4, 5, 3, 2, 1, 51, 52, 41, 54, 27, 22, 21, 14, 15, 13, 12, 0]
195;365;[0, 7, 8, 6, 9, 32, 31, 37, 36, 35, 57, 56, 58, 4, 2, 5, 3, 1, 23, 24, 38, 43, 48, 26, 49, 39, 55, 10, 50, 47, 53, 25, 34, 40, 42, 11, 33, 28, 29, 30, 44, 46, 45, 16, 17, 19, 20, 18, 27, 54, 41, 52, 51, 22, 21, 14, 15, 13, 12, 0]
196;380;[0, 7, 32, 31, 57, 35, 36, 37, 45, 46, 44, 30, 29, 28, 18, 16, 17, 19, 20, 33, 11, 42, 40, 34, 25, 53, 47, 50, 10, 55, 39, 49, 26, 48, 43, 38, 24, 23, 5, 3, 1, 2, 4, 56, 58, 9, 6, 8, 15, 22, 27, 54, 41, 52, 51, 21, 14, 13, 12, 0]
197;368;[0, 7, 13, 12, 15, 14, 21, 22, 51, 52, 41, 54, 27, 19, 20, 17, 16, 18, 23, 24, 38, 43, 48, 26, 49, 39, 55, 10, 50, 47, 53, 25, 34, 40, 42, 11, 33, 28, 29, 30, 44, 46, 45, 1, 3, 5, 2, 4, 56, 58, 57, 35, 36, 37, 31, 32, 9, 6, 8, 0]
198;362;[0, 7, 12, 13, 15, 14, 21, 22, 51, 52, 41, 54, 27, 18, 16, 17, 19, 20, 30, 29, 28, 33, 11, 42, 40, 34, 25, 53, 47, 50, 10, 55, 39, 49, 26, 48, 43, 38, 44, 46, 45, 23, 24, 5, 2, 1, 3, 4, 56, 58, 37, 36, 35, 57, 31, 32, 9, 6, 8, 0]
199;361;[0, 23, 24, 45, 46, 44, 30, 29, 28, 38, 43, 48, 26, 49, 39, 55, 10, 50, 47, 53, 25, 34, 40, 42, 11, 33, 20, 19, 17, 16, 18, 27, 54, 41, 52, 51, 22, 21, 14, 15, 13, 12, 7, 8, 6, 9, 32, 31, 57, 35, 36, 37, 58, 56, 4, 5, 3, 2, 1, 0]
200;360;[0, 7, 8, 6, 9, 32, 31, 57, 35, 36, 37, 58, 56, 4, 2, 1, 3, 5, 24, 23, 45, 46, 44, 30, 29, 28, 38, 43, 48, 26, 49, 39, 55, 10, 50, 47, 53, 25, 34, 40, 42, 11, 33, 20, 19, 17, 16, 18, 27, 54, 41, 52, 51, 22, 21, 14, 15, 13, 12, 0]
201;361;[0, 7, 8, 6, 9, 32, 31, 37, 35, 36, 57, 56, 58, 4, 2, 1, 3, 5, 24, 23, 45, 46, 44, 30, 29, 28, 48, 43, 38, 26, 49, 39, 55, 10, 50, 47, 53, 25, 34, 40, 42, 11, 33, 20, 19, 17, 16, 18, 27, 54, 41, 52, 51, 22, 21, 14, 15, 13, 12, 0]
202;361;[0, 7, 8, 6, 9, 31, 32, 57, 35, 36, 37, 58, 56, 4, 5, 3, 2, 1, 23, 24, 45, 46, 44, 30, 29, 28, 43, 38, 48, 26, 49, 39, 55, 10, 50, 47, 53, 25, 34, 40, 42, 11, 33, 20, 19, 17, 16, 18, 27, 54, 41, 52, 51, 22, 21, 14, 15, 13, 12, 0]
203;366;[0, 7, 8, 6, 9, 31, 32, 57, 35, 36, 37, 58, 56, 4, 3, 5, 2, 1, 23, 24, 26, 49, 39, 55, 10, 50, 47, 53, 25, 34, 40, 42, 11, 33, 48, 43, 38, 45, 46, 44, 30, 29, 28, 20, 19, 17, 16, 18, 27, 54, 41, 52, 51, 22, 21, 14, 15, 13, 12, 0]
204;365;[0, 7, 8, 6, 9, 32, 31, 57, 35, 36, 37, 58, 56, 4, 2, 1, 3, 5, 24, 23, 38, 43, 48, 26, 49, 39, 55, 10, 50, 47, 53, 25, 34, 40, 42, 11, 33, 29, 30, 44, 45, 46, 28, 20, 19, 17, 16, 18, 27, 54, 41, 52, 51, 22, 21, 14, 15, 13, 12, 0]
205;362;[0, 7, 12, 13, 15, 14, 21, 22, 51, 52, 41, 54, 27, 18, 16, 17, 19, 20, 30, 29, 28, 33, 11, 42, 40, 34, 25, 53, 47, 50, 10, 55, 39, 49, 26, 48, 43, 38, 44, 46, 45, 23, 24, 5, 3, 1, 2, 4, 56, 58, 37, 36, 35, 57, 31, 32, 9, 6, 8, 0]
206;360;[0, 7, 8, 6, 9, 32, 31, 57, 35, 36, 37, 58, 56, 4, 2, 1, 3, 5, 24, 23, 45, 46, 44, 30, 29, 28, 38, 43, 48, 26, 49, 39, 55, 10, 50, 47, 53, 25, 34, 40, 42, 11, 33, 20, 19, 17, 16, 18, 27, 54, 41, 52, 51, 22, 21, 14, 15, 13, 12, 0]
207;366;[0, 7, 8, 6, 9, 32, 31, 37, 35, 36, 57, 56, 58, 4, 2, 1, 3, 5, 24, 23, 26, 49, 39, 55, 10, 50, 47, 53, 25, 34, 40, 42, 11, 33, 48, 43, 38, 45, 46, 44, 30, 29, 28, 20, 19, 17, 16, 18, 27, 54, 41, 52, 51, 22, 21, 14, 15, 13, 12, 0]
208;367;[0, 7, 8, 6, 9, 32, 31, 57, 35, 36, 37, 58, 56, 4, 2, 1, 3, 5, 38, 43, 48, 26, 49, 39, 55, 10, 50, 47, 53, 25, 34, 40, 42, 11, 33, 20, 19, 17, 16, 18, 28, 29, 30, 44, 46, 45, 23, 24, 51, 52, 41, 54, 27, 22, 21, 14, 15, 13, 12, 0]
209;361;[0, 7, 8, 6, 9, 32, 31, 57, 35, 36, 37, 58, 56, 4, 3, 5, 2, 1, 23, 24, 45, 46, 44, 30, 29, 28, 38, 43, 48, 26, 49, 39, 55, 10, 50, 47, 53, 25, 34, 40, 42, 11, 33, 20, 19, 17, 16, 18, 27, 54, 41, 52, 51, 22, 21, 14, 15, 13, 12, 0]
210;361;[0, 7, 8, 6, 9, 32, 31, 57, 37, 35, 36, 58, 56, 4, 3, 1, 2, 5, 24, 23, 45, 46, 44, 30, 29, 28, 38, 43, 48, 26, 49, 39, 55, 10, 50, 47, 53, 25, 34, 40, 42, 11, 33, 20, 19, 17, 16, 18, 27, 54, 41, 52, 51, 22, 21, 14, 15, 13, 12, 0]
211;362;[0, 7, 8, 6, 9, 32, 31, 57, 35, 36, 37, 58, 56, 4, 2, 5, 3, 1, 23, 24, 45, 46, 44, 38, 43, 48, 26, 49, 39, 55, 10, 50, 47, 53, 25, 34, 40, 42, 11, 33, 28, 29, 30, 16, 17, 20, 19, 18, 27, 54, 41, 52, 51, 22, 21, 14, 15, 13, 12, 0]
212;361;[0, 7, 8, 6, 9, 32, 31, 37, 35, 36, 57, 58, 56, 4, 2, 1, 3, 5, 24, 23, 45, 46, 44, 30, 29, 28, 38, 43, 48, 26, 49, 39, 55, 10, 50, 47, 53, 25, 34, 40, 42, 11, 33, 20, 19, 17, 16, 18, 27, 54, 41, 52, 51, 22, 21, 14, 15, 13, 12, 0]
213;362;[0, 3, 1, 2, 4, 56, 58, 37, 36, 35, 57, 31, 32, 9, 6, 8, 7, 12, 13, 15, 14, 21, 22, 51, 52, 41, 54, 27, 18, 16, 17, 19, 20, 30, 29, 28, 33, 11, 42, 40, 34, 25, 53, 47, 50, 10, 55, 39, 49, 26, 48, 43, 38, 44, 46, 45, 23, 24, 5, 0]
214;381;[0, 7, 31, 57, 35, 36, 37, 23, 24, 38, 43, 48, 26, 49, 39, 55, 10, 50, 47, 53, 25, 34, 40, 42, 11, 33, 20, 19, 17, 16, 18, 28, 29, 30, 44, 46, 45, 1, 2, 3, 5, 4, 56, 58, 32, 9, 6, 8, 15, 14, 21, 22, 51, 52, 41, 54, 27, 13, 12, 0]
215;368;[0, 7, 8, 6, 9, 31, 32, 57, 37, 35, 36, 56, 58, 4, 5, 3, 2, 1, 23, 24, 38, 43, 26, 49, 39, 55, 10, 50, 47, 53, 25, 34, 40, 42, 11, 33, 48, 45, 46, 44, 30, 29, 28, 20, 19, 17, 16, 18, 27, 54, 41, 52, 51, 22, 21, 14, 15, 13, 12, 0]
216;360;[0, 7, 8, 6, 9, 32, 31, 57, 35, 36, 37, 58, 56, 4, 2, 1, 3, 5, 24, 23, 45, 46, 44, 30, 29, 28, 48, 43, 38, 26, 49, 39, 55, 10, 50, 47, 53, 25, 34, 40, 42, 11, 33, 20, 19, 17, 16, 18, 27, 54, 41, 52, 51, 22, 21, 14, 15, 13, 12, 0]
217;361;[0, 7, 8, 6, 9, 32, 31, 37, 35, 36, 57, 58, 56, 4, 3, 1, 2, 5, 24, 23, 45, 46, 44, 30, 29, 28, 38, 43, 48, 26, 49, 39, 55, 10, 50, 47, 53, 25, 34, 40, 42, 11, 33, 20, 19, 17, 16, 18, 27, 54, 41, 52, 51, 22, 21, 14, 15, 13, 12, 0]
218;360;[0, 7, 8, 6, 9, 32, 31, 57, 35, 36, 37, 58, 56, 4, 2, 1, 3, 5, 24, 23, 45, 46, 44, 30, 29, 28, 38, 43, 48, 26, 49, 39, 55, 10, 50, 47, 53, 25, 34, 40, 42, 11, 33, 20, 19, 17, 16, 18, 27, 54, 41, 52, 51, 22, 21, 14, 15, 13, 12, 0]
219;367;[0, 7, 8, 6, 9, 32, 31, 37, 36, 35, 57, 56, 58, 4, 2, 1, 3, 5, 24, 23, 48, 26, 49, 39, 55, 10, 50, 47, 53, 25, 34, 40, 42, 11, 33, 43, 38, 45, 46, 44, 30, 29, 28, 20, 19, 17, 16, 18, 27, 54, 41, 52, 51, 22, 21, 14, 15, 13, 12, 0]
220;381;[0, 7, 31, 4, 2, 1, 45, 46, 44, 30, 29, 28, 18, 16, 17, 19, 20, 33, 11, 42, 40, 34, 25, 53, 47, 50, 10, 55, 39, 49, 26, 48, 43, 38, 24, 23, 5, 3, 56, 58, 37, 36, 35, 57, 32, 9, 6, 8, 15, 27, 54, 41, 52, 51, 22, 21, 14, 13, 12, 0]
221;364;[0, 7, 8, 6, 9, 32, 31, 57, 35, 36, 37, 58, 56, 4, 2, 1, 3, 5, 24, 23, 38, 43, 48, 26, 49, 39, 55, 10, 50, 47, 53, 25, 34, 40, 42, 11, 33, 28, 29, 30, 45, 46, 44, 20, 19, 17, 16, 18, 27, 54, 41, 52, 51, 22, 21, 14, 15, 13, 12, 0]
222;360;[0, 7, 8, 6, 9, 32, 31, 57, 35, 36, 37, 58, 56, 4, 2, 1, 3, 5, 24, 23, 45, 46, 44, 30, 29, 28, 38, 43, 48, 26, 49, 39, 55, 10, 50, 47, 53, 25, 34, 40, 42, 11, 33, 20, 19, 17, 16, 18, 27, 54, 41, 52, 51, 22, 21, 14, 15, 13, 12, 0]
223;361;[0, 7, 8, 6, 9, 32, 31, 37, 36, 35, 57, 58, 56, 4, 3, 1, 2, 5, 24, 23, 45, 46, 44, 30, 29, 28, 48, 43, 38, 26, 49, 39, 55, 10, 50, 47, 53, 25, 34, 40, 42, 11, 33, 20, 19, 17, 16, 18, 27, 54, 41, 52, 51, 22, 21, 14, 15, 13, 12, 0]
224;362;[0, 7, 13, 12, 15, 14, 21, 22, 51, 52, 41, 54, 27, 18, 17, 16, 19, 20, 30, 29, 28, 33, 11, 42, 40, 34, 25, 53, 47, 50, 10, 55, 39, 49, 26, 48, 43, 38, 44, 46, 45, 23, 24, 5, 2, 1, 3, 4, 56, 58, 37, 36, 35, 57, 31, 32, 9, 6, 8, 0]
225;360;[0, 7, 8, 6, 9, 32, 31, 57, 35, 36, 37, 58, 56, 4, 2, 1, 3, 5, 24, 23, 45, 46, 44, 30, 29, 28, 38, 43, 48, 26, 49, 39, 55, 10, 50, 47, 53, 25, 34, 40, 42, 11, 33, 20, 19, 17, 16, 18, 27, 54, 41, 52, 51, 22, 21, 14, 15, 13, 12, 0]
226;360;[0, 7, 8, 6, 9, 32, 31, 57, 35, 36, 37, 58, 56, 4, 2, 1, 3, 5, 24, 23, 45, 46, 44, 30, 29, 28, 38, 43, 48, 26, 49, 39, 55, 10, 50, 47, 53, 25, 34, 40, 42, 11, 33, 20, 19, 17, 16, 18, 27, 54, 41, 52, 51, 22, 21, 14, 15, 13, 12, 0]
227;361;[0, 7, 8, 6, 9, 32, 31, 57, 35, 36, 37, 58, 56, 4, 2, 1, 3, 5, 24, 23, 44, 46, 45, 38, 43, 48, 26, 49, 39, 55, 10, 50, 47, 53, 25, 34, 40, 42, 11, 33, 28, 29, 30, 20, 19, 17, 16, 18, 27, 54, 41, 52, 51, 22, 21, 14, 15, 13, 12, 0]
228;360;[0, 7, 8, 6, 9, 32, 31, 57, 35, 36, 37, 58, 56, 4, 2, 1, 3, 5, 24, 23, 45, 46, 44, 30, 29, 28, 38, 43, 48, 26, 49, 39, 55, 10, 50, 47, 53, 25, 34, 40, 42, 11, 33, 20, 19, 17, 16, 18, 27, 54, 41, 52, 51, 22, 21, 14, 15, 13, 12, 0]
229;360;[0, 7, 8, 6, 9, 32, 31, 57, 35, 36, 37, 58, 56, 4, 2, 1, 3, 5, 24, 23, 45, 46, 44, 30, 29, 28, 38, 43, 48, 26, 49, 39, 55, 10, 50, 47, 53, 25, 34, 40, 42, 11, 33, 20, 19, 17, 16, 18, 27, 54, 41, 52, 51, 22, 21, 14, 15, 13, 12, 0]
230;366;[0, 7, 8, 6, 9, 32, 31, 57, 35, 36, 37, 58, 56, 4, 5, 3, 2, 1, 24, 23, 26, 49, 39, 55, 10, 50, 47, 53, 25, 34, 40, 42, 11, 33, 48, 43, 38, 45, 46, 44, 30, 29, 28, 20, 19, 17, 16, 18, 27, 54, 41, 52, 51, 22, 21, 14, 15, 13, 12, 0]
231;360;[0, 7, 8, 6, 9, 32, 31, 57, 35, 36, 37, 58, 56, 4, 2, 1, 3, 5, 24, 23, 45, 46, 44, 30, 29, 28, 38, 43, 48, 26, 49, 39, 55, 10, 50, 47, 53, 25, 34, 40, 42, 11, 33, 20, 19, 17, 16, 18, 27, 54, 41, 52, 51, 22, 21, 14, 15, 13, 12, 0]
232;361;[0, 7, 13, 12, 15, 14, 21, 22, 51, 52, 41, 54, 27, 18, 16, 17, 19, 20, 30, 29, 28, 33, 11, 42, 40, 34, 25, 53, 47, 50, 10, 55, 39, 49, 26, 48, 43, 38, 44, 46, 45, 23, 24, 5, 3, 1, 2, 4, 56, 58, 57, 35, 36, 37, 31, 32, 9, 6, 8, 0]
233;361;[0, 7, 8, 6, 9, 32, 31, 37, 36, 35, 57, 58, 56, 4, 2, 1, 3, 5, 24, 23, 45, 46, 44, 30, 29, 28, 38, 43, 48, 26, 49, 39, 55, 10, 50, 47, 53, 25, 34, 40, 42, 11, 33, 20, 19, 17, 16, 18, 27, 54, 41, 52, 51, 22, 21, 14, 15, 13, 12, 0]
234;360;[0, 7, 8, 6, 9, 32, 31, 57, 35, 36, 37, 58, 56, 4, 3, 1, 2, 5, 24, 23, 45, 46, 44, 38, 43, 48, 26, 49, 39, 55, 10, 50, 47, 53, 25, 34, 40, 42, 11, 33, 28, 29, 30, 20, 19, 17, 16, 18, 27, 54, 41, 52, 51, 22, 21, 14, 15, 13, 12, 0]
235;365;[0, 7, 8, 6, 9, 32, 31, 37, 36, 35, 57, 58, 56, 4, 2, 1, 3, 5, 24, 23, 38, 43, 48, 26, 49, 39, 55, 10, 50, 47, 53, 25, 34, 40, 42, 11, 33, 28, 29, 30, 44, 45, 46, 20, 19, 17, 16, 18, 27, 54, 41, 52, 51, 22, 21, 14, 15, 13, 12, 0]
236;361;[0, 7, 8, 6, 9, 32, 31, 37, 36, 35, 57, 56, 58, 4, 2, 1, 3, 5, 24, 23, 45, 46, 44, 30, 29, 28, 38, 43, 48, 26, 49, 39, 55, 10, 50, 47, 53, 25, 34, 40, 42, 11, 33, 20, 19, 17, 16, 18, 27, 54, 41, 52, 51, 22, 21, 14, 15, 13, 12, 0]
237;360;[0, 7, 8, 6, 9, 32, 31, 57, 35, 36, 37, 58, 56, 4, 2, 1, 3, 5, 24, 23, 45, 46, 44, 30, 29, 28, 43, 38, 48, 26, 49, 39, 55, 10, 50, 47, 53, 25, 34, 40, 42, 11, 33, 20, 19, 17, 16, 18, 27, 54, 41, 52, 51, 22, 21, 14, 15, 13, 12, 0]
238;361;[0, 7, 8, 6, 9, 32, 31, 57, 35, 36, 37, 58, 56, 4, 2, 5, 3, 1, 23, 24, 45, 46, 44, 30, 29, 28, 38, 43, 48, 26, 49, 39, 55, 10, 50, 47, 53, 25, 34, 40, 42, 11, 33, 20, 19, 17, 16, 18, 27, 54, 41, 52, 51, 22, 21, 14, 15, 13, 12, 0]
239;367;[0, 7, 8, 6, 9, 32, 31, 57, 35, 36, 37, 58, 56, 4, 5, 3, 2, 1, 38, 43, 48, 26, 49, 39, 55, 10, 50, 47, 53, 25, 34, 40, 42, 11, 33, 20, 19, 17, 16, 18, 28, 29, 30, 44, 46, 45, 23, 24, 51, 52, 41, 54, 27, 22, 21, 14, 15, 13, 12, 0]
240;362;[0, 7, 8, 6, 9, 32, 31, 57, 37, 35, 36, 56, 58, 4, 5, 3, 2, 1, 23, 24, 45, 46, 44, 30, 29, 28, 38, 43, 48, 26, 49, 39, 55, 10, 50, 47, 53, 25, 34, 40, 42, 11, 33, 20, 19, 17, 16, 18, 27, 54, 41, 52, 51, 22, 21, 14, 15, 13, 12, 0]
241;368;[0, 7, 8, 6, 9, 32, 31, 57, 37, 35, 36, 56, 58, 4, 2, 5, 3, 1, 38, 43, 48, 26, 49, 39, 55, 10, 50, 47, 53, 25, 34, 40, 42, 11, 33, 20, 19, 17, 16, 18, 28, 29, 30, 44, 46, 45, 23, 24, 51, 52, 41, 54, 27, 22, 21, 14, 15, 13, 12, 0]
242;360;[0, 7, 8, 6, 9, 32, 31, 57, 35, 36, 37, 58, 56, 4, 3, 1, 2, 5, 24, 23, 45, 46, 44, 30, 29, 28, 38, 43, 48, 26, 49, 39, 55, 10, 50, 47, 53, 25, 34, 40, 42, 11, 33, 20, 19, 17, 16, 18, 27, 54, 41, 52, 51, 22, 21, 14, 15, 13, 12, 0]
243;360;[0, 7, 8, 6, 9, 32, 31, 57, 35, 36, 37, 58, 56, 4, 2, 1, 3, 5, 24, 23, 45, 46, 44, 38, 43, 48, 26, 49, 39, 55, 10, 50, 47, 53, 25, 34, 40, 42, 11, 33, 28, 29, 30, 20, 19, 17, 16, 18, 27, 54, 41, 52, 51, 22, 21, 14, 15, 13, 12, 0]
244;366;[0, 7, 8, 6, 9, 32, 31, 57, 35, 36, 37, 58, 56, 4, 2, 1, 3, 5, 45, 46, 44, 30, 29, 28, 16, 17, 18, 19, 20, 33, 11, 42, 40, 34, 25, 53, 47, 50, 10, 55, 39, 49, 26, 48, 43, 38, 23, 24, 51, 52, 41, 54, 27, 22, 21, 14, 15, 13, 12, 0]
245;362;[0, 7, 8, 6, 9, 32, 31, 37, 35, 36, 57, 56, 58, 4, 5, 3, 2, 1, 24, 23, 45, 46, 44, 38, 43, 48, 26, 49, 39, 55, 10, 50, 47, 53, 25, 34, 40, 42, 11, 33, 28, 29, 30, 20, 19, 17, 16, 18, 27, 54, 41, 52, 51, 22, 21, 14, 15, 13, 12, 0]
246;363;[0, 7, 8, 6, 9, 32, 31, 57, 35, 36, 37, 58, 56, 4, 5, 2, 3, 1, 38, 43, 48, 26, 49, 39, 55, 10, 50, 47, 53, 25, 34, 40, 42, 11, 33, 28, 29, 30, 44, 46, 45, 23, 24, 16, 17, 19, 20, 18, 27, 54, 41, 52, 51, 22, 21, 14, 15, 13, 12, 0]
247;381;[0, 7, 31, 57, 35, 36, 37, 18, 16, 17, 19, 20, 33, 11, 42, 40, 34, 25, 53, 47, 50, 10, 55, 39, 49, 26, 48, 43, 38, 28, 29, 30, 44, 46, 45, 23, 24, 5, 2, 1, 3, 4, 56, 58, 32, 9, 6, 8, 15, 14, 21, 22, 51, 52, 41, 54, 27, 13, 12, 0]
248;360;[0, 7, 8, 6, 9, 32, 31, 57, 35, 36, 37, 58, 56, 4, 2, 1, 3, 5, 24, 23, 45, 46, 44, 30, 29, 28, 38, 43, 48, 26, 49, 39, 55, 10, 50, 47, 53, 25, 34, 40, 42, 11, 33, 20, 19, 17, 16, 18, 27, 54, 41, 52, 51, 22, 21, 14, 15, 13, 12, 0]
249;360;[0, 7, 8, 6, 9, 32, 31, 57, 35, 36, 37, 58, 56, 4, 2, 1, 3, 5, 24, 23, 45, 46, 44, 38, 43, 48, 26, 49, 39, 55, 10, 50, 47, 53, 25, 34, 40, 42, 11, 33, 28, 29, 30, 20, 19, 17, 16, 18, 27, 54, 41, 52, 51, 22, 21, 14, 15, 13, 12, 0]
250;367;[0, 7, 8, 6, 9, 32, 31, 37, 35, 36, 57, 56, 58, 4, 5, 3, 2, 1, 24, 23, 26, 49, 39, 55, 10, 50, 47, 53, 25, 34, 40, 42, 11, 33, 48, 43, 38, 45, 46, 44, 30, 29, 28, 20, 19, 17, 16, 18, 27, 54, 41, 52, 51, 22, 21, 14, 15, 13, 12, 0]
251;361;[0, 7, 8, 6, 9, 32, 31, 57, 35, 36, 37, 58, 56, 4, 5, 3, 2, 1, 24, 23, 45, 46, 44, 30, 29, 28, 38, 43, 48, 26, 49, 39, 55, 10, 50, 47, 53, 25, 34, 40, 42, 11, 33, 20, 19, 17, 16, 18, 27, 54, 41, 52, 51, 22, 21, 14, 15, 13, 12, 0]
252;360;[0, 7, 8, 6, 9, 32, 31, 57, 35, 36, 37, 58, 56, 4, 2, 1, 3, 5, 24, 23, 45, 46, 44, 30, 29, 28, 38, 43, 48, 26, 49, 39, 55, 10, 50, 47, 53, 25, 34, 40, 42, 11, 33, 20, 19, 17, 16, 18, 27, 54, 41, 52, 51, 22, 21, 14, 15, 13, 12, 0]
253;360;[0, 7, 8, 6, 9, 32, 31, 57, 35, 36, 37, 58, 56, 4, 2, 1, 3, 5, 24, 23, 45, 46, 44, 30, 29, 28, 43, 38, 48, 26, 49, 39, 55, 10, 50, 47, 53, 25, 34, 40, 42, 11, 33, 20, 19, 17, 16, 18, 27, 54, 41, 52, 51, 22, 21, 14, 15, 13, 12, 0]
254;360;[0, 7, 8, 6, 9, 32, 31, 57, 35, 36, 37, 58, 56, 4, 3, 1, 2, 5, 24, 23, 45, 46, 44, 38, 43, 48, 26, 49, 39, 55, 10, 50, 47, 53, 25, 34, 40, 42, 11, 33, 28, 29, 30, 20, 19, 17, 16, 18, 27, 54, 41, 52, 51, 22, 21, 14, 15, 13, 12, 0]
255;361;[0, 7, 8, 6, 9, 32, 31, 57, 35, 36, 37, 58, 56, 4, 2, 1, 3, 5, 24, 23, 44, 46, 45, 38, 43, 48, 26, 49, 39, 55, 10, 50, 47, 53, 25, 34, 40, 42, 11, 33, 28, 29, 30, 20, 19, 17, 16, 18, 27, 54, 41, 52, 51, 22, 21, 14, 15, 13, 12, 0]
256;360;[0, 7, 8, 6, 9, 32, 31, 57, 35, 36, 37, 58, 56, 4, 3, 1, 2, 5, 24, 23, 45, 46, 44, 30, 29, 28, 48, 38, 43, 26, 49, 39, 55, 10, 50, 47, 53, 25, 34, 40, 42, 11, 33, 20, 19, 17, 16, 18, 27, 54, 41, 52, 51, 22, 21, 14, 15, 13, 12, 0]
257;360;[0, 7, 8, 6, 9, 31, 32, 57, 35, 36, 37, 58, 56, 4, 2, 1, 3, 5, 24, 23, 45, 46, 44, 30, 29, 28, 38, 43, 48, 26, 49, 39, 55, 10, 50, 47, 53, 25, 34, 40, 42, 11, 33, 20, 19, 17, 16, 18, 27, 54, 41, 52, 51, 22, 21, 14, 15, 13, 12, 0]
258;361;[0, 7, 8, 6, 9, 32, 31, 37, 35, 36, 57, 56, 58, 4, 2, 1, 3, 5, 24, 23, 45, 46, 44, 30, 29, 28, 38, 43, 48, 26, 49, 39, 55, 10, 50, 47, 53, 25, 34, 40, 42, 11, 33, 20, 19, 17, 16, 18, 27, 54, 41, 52, 51, 22, 21, 14, 15, 13, 12, 0]
259;364;[0, 7, 13, 12, 15, 14, 21, 22, 51, 52, 41, 54, 27, 18, 16, 17, 19, 20, 33, 11, 42, 40, 34, 25, 53, 47, 50, 10, 55, 39, 49, 26, 48, 43, 38, 28, 29, 30, 44, 46, 45, 23, 24, 5, 3, 1, 2, 4, 56, 58, 37, 36, 35, 57, 31, 32, 9, 6, 8, 0]
260;361;[0, 7, 8, 6, 9, 31, 32, 57, 35, 36, 37, 58, 56, 4, 5, 3, 2, 1, 24, 23, 45, 46, 44, 30, 29, 28, 43, 38, 48, 26, 49, 39, 55, 10, 50, 47, 53, 25, 34, 40, 42, 11, 33, 20, 19, 17, 16, 18, 27, 54, 41, 52, 51, 22, 21, 14, 15, 13, 12, 0]
261;366;[0, 21, 22, 51, 52, 41, 54, 27, 18, 19, 20, 17, 16, 24, 23, 45, 46, 44, 30, 29, 28, 33, 11, 42, 40, 34, 25, 53, 47, 50, 10, 55, 39, 49, 26, 48, 43, 38, 1, 3, 5, 2, 4, 56, 58, 37, 36, 35, 57, 31, 32, 9, 6, 8, 7, 12, 13, 15, 14, 0]
262;360;[0, 7, 8, 6, 9, 32, 31, 57, 35, 36, 37, 58, 56, 4, 2, 1, 3, 5, 24, 23, 45, 46, 44, 30, 29, 28, 38, 43, 48, 26, 49, 39, 55, 10, 50, 47, 53, 25, 34, 40, 42, 11, 33, 20, 19, 17, 16, 18, 27, 54, 41, 52, 51, 22, 21, 14, 15, 13, 12, 0]
263;366;[0, 7, 8, 6, 9, 32, 31, 57, 37, 35, 36, 56, 58, 4, 2, 1, 3, 5, 24, 23, 44, 28, 29, 30, 46, 45, 38, 43, 48, 26, 49, 39, 55, 10, 50, 47, 53, 25, 34, 40, 42, 11, 33, 20, 19, 17, 16, 18, 27, 54, 41, 52, 51, 22, 21, 14, 15, 13, 12, 0]
264;363;[0, 7, 13, 12, 15, 14, 21, 22, 51, 52, 41, 54, 27, 18, 16, 17, 19, 20, 33, 11, 42, 40, 34, 25, 53, 47, 50, 10, 55, 39, 49, 26, 48, 43, 38, 28, 29, 30, 44, 46, 45, 23, 24, 5, 3, 1, 2, 4, 56, 58, 57, 35, 36, 37, 31, 32, 9, 6, 8, 0]
265;366;[0, 7, 8, 6, 9, 32, 31, 37, 35, 36, 57, 56, 58, 4, 3, 5, 2, 1, 23, 24, 38, 43, 48, 26, 49, 39, 55, 10, 50, 47, 53, 25, 34, 40, 42, 11, 33, 28, 29, 30, 44, 46, 45, 16, 17, 20, 19, 18, 27, 54, 41, 52, 51, 22, 21, 14, 15, 13, 12, 0]
266;366;[0, 7, 8, 6, 9, 31, 32, 57, 35, 36, 37, 58, 56, 4, 5, 3, 2, 1, 38, 43, 48, 26, 49, 39, 55, 10, 50, 47, 53, 25, 34, 40, 42, 11, 33, 20, 19, 18, 17, 16, 28, 29, 30, 44, 46, 45, 23, 24, 51, 52, 41, 54, 27, 22, 21, 14, 15, 13, 12, 0]
267;365;[0, 7, 8, 6, 9, 32, 31, 57, 35, 36, 37, 58, 56, 4, 2, 1, 3, 5, 24, 23, 26, 49, 39, 55, 10, 50, 47, 53, 25, 34, 40, 42, 11, 33, 48, 43, 38, 45, 46, 44, 30, 29, 28, 20, 19, 17, 16, 18, 27, 54, 41, 52, 51, 22, 21, 14, 15, 13, 12, 0]
268;360;[0, 7, 8, 6, 9, 31, 32, 57, 35, 36, 37, 58, 56, 4, 3, 1, 2, 5, 24, 23, 45, 46, 44, 30, 29, 28, 38, 43, 48, 26, 49, 39, 55, 10, 50, 47, 53, 25, 34, 40, 42, 11, 33, 20, 19, 17, 16, 18, 27, 54, 41, 52, 51, 22, 21, 14, 15, 13, 12, 0]
269;382;[0, 7, 31, 57, 35, 36, 37, 18, 16, 17, 19, 20, 46, 45, 44, 30, 29, 28, 33, 11, 42, 40, 34, 25, 53, 47, 50, 10, 55, 39, 49, 26, 48, 43, 38, 24, 23, 5, 3, 1, 2, 4, 56, 58, 32, 9, 6, 8, 15, 14, 21, 22, 51, 52, 41, 54, 27, 13, 12, 0]
270;365;[0, 7, 8, 6, 9, 32, 31, 37, 36, 35, 57, 56, 58, 4, 2, 1, 3, 5, 24, 23, 38, 43, 48, 26, 49, 39, 55, 10, 50, 47, 53, 25, 34, 40, 42, 11, 33, 28, 29, 30, 45, 46, 44, 20, 19, 17, 16, 18, 27, 54, 41, 52, 51, 22, 21, 14, 15, 13, 12, 0]
271;365;[0, 7, 8, 6, 9, 32, 31, 57, 37, 35, 36, 58, 56, 4, 2, 1, 3, 5, 24, 23, 25, 53, 34, 40, 42, 11, 33, 47, 50, 10, 55, 39, 49, 26, 48, 43, 38, 45, 46, 44, 30, 29, 28, 20, 19, 17, 16, 18, 27, 54, 41, 52, 51, 22, 21, 14, 15, 13, 12, 0]
272;368;[0, 7, 8, 6, 9, 32, 31, 57, 35, 36, 37, 58, 56, 4, 5, 2, 3, 1, 23, 24, 45, 46, 44, 38, 43, 48, 26, 49, 39, 55, 10, 50, 47, 33, 53, 25, 11, 42, 40, 34, 28, 29, 30, 20, 19, 17, 16, 18, 27, 54, 41, 52, 51, 22, 21, 14, 15, 13, 12, 0]
273;362;[0, 7, 8, 6, 9, 31, 32, 37, 36, 35, 57, 58, 56, 4, 5, 3, 2, 1, 24, 23, 45, 46, 44, 30, 29, 28, 38, 43, 48, 26, 49, 39, 55, 10, 50, 47, 53, 25, 34, 40, 42, 11, 33, 20, 19, 17, 16, 18, 27, 54, 41, 52, 51, 22, 21, 14, 15, 13, 12, 0]
274;366;[0, 7, 8, 6, 9, 32, 31, 57, 37, 35, 36, 56, 58, 4, 2, 1, 3, 5, 24, 23, 26, 49, 39, 55, 10, 50, 47, 53, 25, 34, 40, 42, 11, 33, 48, 43, 38, 45, 46, 44, 30, 29, 28, 20, 19, 17, 16, 18, 27, 54, 41, 52, 51, 22, 21, 14, 15, 13, 12, 0]
275;367;[0, 7, 8, 6, 9, 32, 31, 57, 35, 36, 37, 58, 56, 4, 2, 1, 3, 5, 38, 43, 48, 26, 49, 39, 55, 10, 50, 47, 53, 25, 34, 40, 42, 11, 33, 20, 19, 17, 16, 18, 28, 29, 30, 44, 46, 45, 23, 24, 51, 52, 41, 54, 27, 22, 21, 14, 15, 13, 12, 0]
276;360;[0, 7, 8, 6, 9, 32, 31, 57, 35, 36, 37, 58, 56, 4, 2, 1, 3, 5, 24, 23, 45, 46, 44, 30, 29, 28, 48, 43, 38, 26, 49, 39, 55, 10, 50, 47, 53, 25, 34, 40, 42, 11, 33, 20, 19, 17, 16, 18, 27, 54, 41, 52, 51, 22, 21, 14, 15, 13, 12, 0]
277;370;[0, 2, 4, 56, 58, 37, 36, 35, 57, 31, 32, 9, 6, 8, 7, 13, 12, 15, 14, 21, 22, 51, 52, 41, 54, 27, 24, 23, 45, 46, 44, 30, 29, 28, 18, 16, 17, 19, 20, 33, 11, 42, 40, 34, 25, 53, 47, 50, 10, 55, 39, 49, 26, 48, 43, 38, 5, 3, 1, 0]
278;360;[0, 7, 8, 6, 9, 31, 32, 57, 35, 36, 37, 58, 56, 4, 2, 1, 3, 5, 24, 23, 45, 46, 44, 30, 29, 28, 38, 43, 48, 26, 49, 39, 55, 10, 50, 47, 53, 25, 34, 40, 42, 11, 33, 20, 19, 17, 16, 18, 27, 54, 41, 52, 51, 22, 21, 14, 15, 13, 12, 0]
279;360;[0, 7, 8, 6, 9, 32, 31, 57, 35, 36, 37, 58, 56, 4, 2, 1, 3, 5, 24, 23, 45, 46, 44, 30, 29, 28, 48, 43, 38, 26, 49, 39, 55, 10, 50, 47, 53, 25, 34, 40, 42, 11, 33, 20, 19, 17, 16, 18, 27, 54, 41, 52, 51, 22, 21, 14, 15, 13, 12, 0]
280;361;[0, 7, 8, 6, 9, 32, 31, 57, 35, 36, 37, 58, 56, 4, 5, 3, 2, 1, 23, 24, 45, 46, 44, 30, 29, 28, 38, 43, 48, 26, 49, 39, 55, 10, 50, 47, 53, 25, 34, 40, 42, 11, 33, 20, 19, 17, 16, 18, 27, 54, 41, 52, 51, 22, 21, 14, 15, 13, 12, 0]
281;364;[0, 7, 8, 6, 9, 32, 31, 57, 35, 36, 37, 58, 56, 4, 2, 1, 3, 5, 24, 23, 25, 53, 34, 40, 42, 11, 33, 47, 50, 10, 55, 39, 49, 26, 48, 43, 38, 45, 46, 44, 30, 29, 28, 20, 19, 17, 16, 18, 27, 54, 41, 52, 51, 22, 21, 14, 15, 13, 12, 0]
282;367;[0, 7, 13, 12, 15, 14, 21, 22, 51, 52, 41, 54, 27, 18, 16, 17, 19, 20, 28, 29, 30, 44, 46, 45, 25, 53, 34, 40, 42, 11, 33, 47, 50, 10, 55, 39, 49, 26, 48, 43, 38, 24, 23, 5, 2, 1, 3, 4, 56, 58, 37, 35, 36, 57, 31, 32, 9, 6, 8, 0]
283;365;[0, 7, 8, 6, 9, 32, 31, 57, 35, 36, 37, 58, 56, 4, 3, 1, 2, 5, 24, 23, 30, 28, 29, 44, 46, 45, 38, 43, 48, 26, 49, 39, 55, 10, 50, 47, 53, 25, 34, 40, 42, 11, 33, 20, 19, 17, 16, 18, 27, 54, 41, 52, 51, 22, 21, 14, 15, 13, 12, 0]
284;361;[0, 13, 7, 8, 6, 9, 32, 31, 57, 35, 36, 37, 58, 56, 4, 2, 1, 3, 5, 24, 23, 45, 46, 44, 30, 29, 28, 38, 43, 48, 26, 49, 39, 55, 10, 50, 47, 53, 25, 34, 40, 42, 11, 33, 20, 19, 17, 16, 18, 27, 54, 41, 52, 51, 22, 21, 14, 15, 12, 0]
285;385;[0, 7, 8, 6, 9, 32, 31, 4, 2, 3, 1, 16, 17, 19, 20, 18, 24, 23, 38, 43, 48, 26, 49, 39, 55, 10, 50, 47, 53, 25, 34, 40, 42, 11, 33, 28, 29, 30, 44, 46, 45, 5, 56, 58, 57, 35, 36, 37, 14, 21, 22, 51, 52, 41, 54, 27, 15, 13, 12, 0]
286;360;[0, 7, 8, 6, 9, 32, 31, 57, 35, 36, 37, 58, 56, 4, 2, 1, 3, 5, 24, 23, 45, 46, 44, 30, 29, 28, 38, 43, 48, 26, 49, 39, 55, 10, 50, 47, 53, 25, 34, 40, 42, 11, 33, 20, 19, 17, 16, 18, 27, 54, 41, 52, 51, 22, 21, 14, 15, 13, 12, 0]
287;363;[0, 20, 18, 27, 54, 41, 52, 51, 22, 21, 14, 15, 13, 12, 7, 8, 6, 9, 32, 31, 57, 35, 36, 37, 58, 56, 4, 2, 1, 3, 5, 24, 23, 38, 43, 48, 26, 49, 39, 55, 10, 50, 47, 53, 25, 34, 40, 42, 11, 33, 28, 29, 30, 44, 46, 45, 16, 17, 19, 0]
288;366;[0, 7, 8, 6, 9, 32, 31, 57, 35, 36, 37, 58, 56, 4, 2, 1, 3, 5, 24, 23, 48, 26, 49, 39, 55, 10, 50, 47, 53, 25, 34, 40, 42, 11, 33, 43, 38, 45, 46, 44, 30, 29, 28, 20, 19, 17, 16, 18, 27, 54, 41, 52, 51, 22, 21, 14, 15, 13, 12, 0]
289;360;[0, 7, 8, 6, 9, 32, 31, 57, 35, 36, 37, 58, 56, 4, 2, 1, 3, 5, 24, 23, 45, 46, 44, 30, 29, 28, 38, 43, 48, 26, 49, 39, 55, 10, 50, 47, 53, 25, 34, 40, 42, 11, 33, 20, 19, 17, 16, 18, 27, 54, 41, 52, 51, 22, 21, 14, 15, 13, 12, 0]
290;365;[0, 7, 8, 6, 9, 32, 31, 57, 37, 35, 36, 56, 58, 4, 3, 1, 2, 5, 24, 23, 25, 53, 34, 40, 42, 11, 33, 47, 50, 10, 55, 39, 49, 26, 48, 43, 38, 45, 46, 44, 30, 29, 28, 20, 19, 17, 16, 18, 27, 54, 41, 52, 51, 22, 21, 14, 15, 13, 12, 0]
291;380;[0, 7, 31, 58, 56, 4, 2, 1, 3, 5, 24, 23, 45, 46, 44, 38, 43, 48, 26, 49, 39, 55, 10, 50, 47, 53, 25, 34, 40, 42, 11, 33, 28, 29, 30, 20, 19, 17, 16, 18, 37, 36, 35, 57, 32, 9, 6, 8, 15, 14, 21, 22, 51, 52, 41, 54, 27, 13, 12, 0]
292;368;[0, 45, 23, 24, 51, 52, 41, 54, 27, 22, 21, 14, 15, 13, 12, 7, 8, 6, 9, 32, 31, 57, 37, 35, 36, 58, 56, 4, 5, 3, 2, 1, 38, 43, 48, 26, 49, 39, 55, 10, 50, 47, 53, 25, 34, 40, 42, 11, 33, 20, 19, 17, 16, 18, 28, 29, 30, 44, 46, 0]
293;366;[0, 7, 8, 6, 9, 32, 31, 57, 35, 36, 37, 58, 56, 4, 2, 1, 3, 5, 45, 46, 44, 30, 29, 28, 18, 16, 17, 19, 20, 33, 11, 42, 40, 34, 25, 53, 47, 50, 10, 55, 39, 49, 26, 48, 43, 38, 23, 24, 51, 52, 41, 54, 27, 22, 21, 14, 15, 13, 12, 0]
294;365;[0, 7, 8, 6, 9, 32, 31, 57, 37, 35, 36, 56, 58, 4, 2, 1, 3, 5, 24, 23, 38, 43, 48, 26, 49, 39, 55, 10, 50, 47, 53, 25, 34, 40, 42, 11, 33, 28, 29, 30, 45, 46, 44, 20, 19, 17, 16, 18, 27, 54, 41, 52, 51, 22, 21, 14, 15, 13, 12, 0]
295;367;[0, 7, 8, 6, 9, 32, 31, 37, 36, 35, 57, 56, 58, 4, 2, 5, 3, 1, 23, 24, 26, 49, 39, 55, 10, 50, 47, 53, 25, 34, 40, 42, 11, 33, 48, 43, 38, 45, 46, 44, 30, 29, 28, 20, 19, 17, 16, 18, 27, 54, 41, 52, 51, 22, 21, 14, 15, 13, 12, 0]
296;360;[0, 7, 8, 6, 9, 32, 31, 57, 35, 36, 37, 58, 56, 4, 2, 1, 3, 5, 24, 23, 45, 46, 44, 30, 29, 28, 48, 43, 38, 26, 49, 39, 55, 10, 50, 47, 53, 25, 34, 40, 42, 11, 33, 20, 19, 17, 16, 18, 27, 54, 41, 52, 51, 22, 21, 14, 15, 13, 12, 0]
297;360;[0, 7, 8, 6, 9, 32, 31, 57, 35, 36, 37, 58, 56, 4, 2, 1, 3, 5, 24, 23, 45, 46, 44, 30, 29, 28, 38, 43, 48, 26, 49, 39, 55, 10, 50, 47, 53, 25, 34, 40, 42, 11, 33, 20, 19, 17, 16, 18, 27, 54, 41, 52, 51, 22, 21, 14, 15, 13, 12, 0]
298;380;[0, 7, 8, 6, 57, 58, 56, 4, 2, 1, 3, 5, 24, 23, 45, 46, 44, 38, 43, 48, 26, 49, 39, 55, 10, 50, 47, 53, 25, 34, 40, 42, 11, 33, 28, 29, 30, 20, 19, 18, 17, 16, 37, 35, 36, 31, 32, 9, 15, 14, 21, 22, 51, 52, 41, 54, 27, 13, 12, 0]
299;361;[0, 7, 8, 6, 9, 32, 31, 37, 36, 35, 57, 58, 56, 4, 3, 1, 2, 5, 24, 23, 45, 46, 44, 30, 29, 28, 38, 43, 48, 26, 49, 39, 55, 10, 50, 47, 53, 25, 34, 40, 42, 11, 33, 20, 19, 17, 16, 18, 27, 54, 41, 52, 51, 22, 21, 14, 15, 13, 12, 0]
